10
60
44
23
16
14
83
102
116
60
67
60
81
48
85
71
44
91
65
50
46
51
85
93
93
57
117
47
106
65
86
78
48
46
47
46
9
26
64
56
60
47
72
-1
41
28
55
64
17
36
14
29
53
65
96
74
47
50
79
43
56
61
119
34
-11
3
7
26
12
2
36
77
51
21
15
49
19
9
46
19
10
8
27
21
79
40
67
49
31
61
48
38
38
43
95
24
39
43
48
34
22
37
95
92
84
69
96
8
43
47
85
117
63
96
-26
43
-2
41
69
95
92
76
54
28
83
48
86
47
81
76
-19
72
62
86
84
79
62
57
79
49
85
83
82
29
36
28
-4
38
0
24
21
84
56
25
46
11
39
34
35
48
6
67
36
18
-27
46
65
85
78
-14
107
33
83
63
63
57
91
50
-16
66
78
51
76
92
75
131
43
19
60
56
113
51
24
47
14
23
69
41
58
49
76
36
45
80
90
79
48
15
19
-2
14
47
14
54
85
73
40
9
68
25
15
47
81
32
41
48
21
65
28
58
96
112
78
60
84
39
71
56
137
25
44
20
-29
36
50
22
35
80
61
91
3
29
48
38
93
4
33
34
-35
32
38
28
6
61
27
38
15
31
39
26
27
15
26
59
3
46
28
65
97
147
118
46
95
77
104
94
127
52
30
17
36
58
62
35
85
70
70
51
48
62
47
48
77
23
20
57
25
40
12
18
21
75
64
20
50
44
80
32
49
5
40
52
15
27
52
39
62
86
47
102
70
0
49
29
113
76
80
29
-11
53
61
58
29
50
21
68
52
-13
44
53
67
27
-6
9
30
25
50
22
96
95
109
44
42
94
58
66
80
46
18
15
-18
22
73
43
45
78
56
50
32
63
57
66
68
25
64
45
6
69
21
77
78
101
62
33
100
16
64
74
97
45
53
30
18
34
75
64
70
39
44
45
74
28
52
78
48
61
49
104
12
19
-10
57
66
60
82
21
100
22
102
77
50
66
-12
10
37
5
2
10
72
63
78
9
51
46
25
39
29
78
-1
44
73
28
39
28
92
65
71
33
85
56
57
38
70
65
49
103
0
35
-9
34
61
65
83
51
57
32
95
44
73
20
38
21
-22
16
2
10
11
48
30
56
12
-19
15
11
42
36
24
49
-13
25
38
53
105
94
100
57
56
75
74
81
98
48
28
42
24
54
49
71
145
131
110
62
103
76
67
85
131
86
-2
25
-12
-4
-13
36
60
61
40
11
55
14
20
37
54
63
48
13
8
65
61
40
75
117
71
96
50
30
41
42
126
42
90
102
-7
48
22
88
94
101
76
75
127
-5
81
82
90
123
23
82
14
49
-6
45
68
83
88
-11
76
77
92
60
37
23
34
84
17
25
26
49
100
82
112
63
74
64
113
84
114
30
65
72
-2
31
10
28
14
29
51
35
42
4
70
44
9
30
40
18
-15
21
57
47
58
58
68
41
41
47
49
81
34
58
76
108
7
56
16
58
81
76
68
80
87
9
86
45
100
50
92
92
-48
67
39
72
75
116
107
84
61
53
109
93
97
35
17
5
3
45
44
18
73
89
94
47
15
81
44
51
63
20
43
-11
-48
32
48
38
14
51
24
33
4
21
14
49
24
15
50
-9
5
55
42
39
67
96
54
76
49
1
12
40
99
58
28
69
27
33
-42
27
73
70
91
7
73
27
68
45
52
44
48
72
-19
31
-11
50
40
36
46
-7
58
24
61
55
4
31
82
92
15
88
43
83
107
123
108
64
111
58
114
93
117
46
43
11
4
43
20
20
68
86
98
58
29
37
42
56
65
45
56
69
-1
19
23
39
45
65
75
57
66
13
72
63
39
83
-18
-6
53
7
24
14
80
44
83
-1
44
69
41
60
40
35
12
16
-11
2
25
31
21
46
25
15
41
15
24
39
17
57
105
104
-15
80
57
89
87
97
83
88
94
34
112
90
111
38
70
32
8
36
65
54
91
77
73
108
69
3
45
69
103
93
27
85
12
48
-14
43
50
100
80
9
81
49
98
50
73
15
75
67
13
66
37
93
130
138
115
66
134
38
87
110
120
115
44
20
-29
36
50
22
35
80
61
91
3
29
48
38
93
4
19
41
-9
24
31
21
-2
31
18
13
18
35
51
22
14
-12
45
4
-8
71
78
57
62
109
51
58
52
51
36
55
84
37
-7
60
27
23
-5
36
109
109
111
18
83
80
72
59
80
72
-5
51
36
-1
28
10
52
28
61
28
38
55
64
34
37
27
66
74
-11
40
27
85
91
83
55
44
112
10
54
75
61
114
34
21
46
41
53
56
72
82
61
41
96
24
60
71
90
61
-1
38
37
26
0
-2
31
65
63
27
33
38
58
12
62
1
4
24
-19
16
35
48
84
93
71
46
46
62
53
64
105
31
-19
10
38
22
52
30
57
74
72
1
52
91
71
65
61
6
30
63
-2
21
47
37
50
68
71
46
52
57
74
58
37
58
-1
41
22
12
-32
33
83
105
86
18
87
23
49
47
89
80
79
35
7
48
52
43
60
41
49
86
45
-6
43
50
73
40
43
42
15
27
29
67
91
71
51
61
93
-1
54
66
121
59
47
46
-28
29
31
72
87
83
84
30
72
52
67
99
58
68
42
40
-51
30
-7
52
27
65
26
7
45
7
28
42
24
41
17
5
3
45
44
18
73
89
94
47
15
81
44
51
63
20
37
75
-12
57
1
52
76
113
97
14
73
73
80
64
50
50
44
11
22
50
68
65
98
95
78
46
88
48
42
85
67
96
4
8
-16
44
15
38
81
113
81
25
36
73
41
52
94
13
30
28
9
12
42
38
32
45
51
36
49
23
67
67
57
23
38
59
33
49
50
53
72
122
73
71
104
30
73
52
106
88
-11
4
19
10
11
25
41
72
50
-9
58
39
26
42
23
65
53
29
6
50
76
41
65
44
45
75
31
38
45
45
71
15
70
-6
-41
53
73
62
34
62
9
62
34
-2
5
50
51
45
64
46
-11
29
52
50
61
76
89
72
56
32
76
88
63
67
25
76
8
11
-5
54
63
42
61
-10
85
37
75
70
21
57
12
34
10
7
12
45
89
43
74
12
58
50
57
75
58
37
70
74
2
53
51
48
21
60
24
73
63
-3
69
30
70
27
74
115
25
78
14
72
91
112
94
49
121
39
110
68
93
62
47
-3
-26
49
80
43
52
73
25
89
18
21
12
32
91
25
44
11
22
50
68
65
98
95
78
46
88
48
42
85
67
96
21
19
-12
14
12
20
-10
10
1
-7
17
6
22
20
-13
4
75
82
-2
54
58
80
128
123
106
117
101
37
92
89
154
87
61
119
-11
37
16
65
82
111
108
66
98
47
119
83
90
77
13
37
47
36
46
35
100
95
80
58
82
52
45
42
83
92
34
36
31
29
74
43
70
67
52
92
63
23
65
50
124
33
9
43
27
47
4
44
77
83
43
14
79
35
40
24
84
32
112
69
-28
80
90
71
66
102
76
124
60
25
82
76
100
55
71
74
-24
37
26
75
90
101
105
61
87
37
94
106
87
77
65
72
-2
31
10
28
14
29
51
35
42
4
70
44
9
30
29
-4
-22
24
41
31
6
21
15
8
7
25
26
45
11
-12
37
43
-1
33
69
56
49
78
27
64
72
21
44
42
71
71
53
96
37
64
2
52
101
102
93
56
104
33
88
48
106
58
