920
2969
350
11644
5596
5959
4599
2494
4724
4471
22600
582
889
101326
7404
2953
4846
12319
5703
1482
-992
1616
5480
28135
3507
-306
-8208
-2829
-1000
-5646
42285
7342
2784
10547
25910
-1099
-1639
39329
6728
8889
7851
52321
7286
-898
47022
9923
-4540
844
1659
-613
11112
4118
2494
2684
235
5392
2525
2823
23140
15401
21748
6031
3389
13523
5872
20963
1767
-205
131
15011
2765
9784
234006
44927
45233
48966
29577
39887
17799
11245
40054
39652
3782
27038
44585
15787
40206
12712
50125
7138
5595
5703
50501
11612
6100
4832
4997
-5745
-528
918
439
-1573
21310
9906
3041
37339
2180
346
77256
5081
4115
5417
3814
34194
11687
4973
51716
2785
7204
-781
6997
7134
7451
7041
51168
5731
8235
4410
110739
12743
11952
924
5679
9345
17799
3604
8518
15313
10151
7068
61969
7596
11650
5187
8461
4335
3499
2268
2602
5971
1581
4660
7741
60557
10910
17799
397
6473
8005
2909
17799
24488
4262
6507
11572
16097
10729
5539
2561
2544
3214
15340
-646
-860
4186
-1285
511
-1356
19861
5788
9098
2633
6630
10722
36872
4639
3574
4703
-394
1282
23891
10613
7084
12230
38431
6715
7647
3724
34417
10388
8999
4376
-19494
2959
-426
9207
0
30556
7403
-443
77295
14401
6507
2823
1159
2617
12581
16097
11214
10729
5287
625
44853
1158
7204
4306
-1237
2346
7002
24307
3309
2280
39526
8273
1502
-1216
7020
7083
1903
33083
6476
4415
51813
15806
5197
3029
7084
5968
3487
9701
17571
2431
8371
1786
66688
9866
5062
2094
9025
16048
17799
12651
627
10985
21671
-1000
1762
4315
16178
5270
6317
33180
1506
-1361
-3424
1315
13137
10354
-712
2643
12915
73812
19235
12043
4278
5274
4672
91
7846
57221
6250
7371
7002
6568
7349
7371
57156
13282
14168
5337
5592
16048
9345
17799
9814
9847
2694
153
4551
615
25609
6317
5270
8285
615
6478
2495
1727
38641
10433
11678
11408
3115
841
80253
6371
2953
3390
2102
8961
27437
10543
11535
15463
23127
37376
8512
5554
33341
6133
3553
20547
1510
4740
3302
6032
42676
5138
13514
4106
6664
6413
4906
1294
3214
-8472
6342
4026
6302
845
1467
1530
57960
2698
3741
5133
5794
-3912
-2555
352
55402
9098
5788
6848
7414
6179
-27743
-5079
2216
-976
-624
-3674
-443
-1491
2071
822
3092
88288
5514
4331
4605
5249
2786
27098
356
14088
9288
40684
5741
4787
7741
5160
13165
15700
16281
8356
10440
7264
13058
3607
9571
2560
4204
63699
9504
2868
3958
5888
4489
3672
4101
3964
4114
4074
9876
5452
4668
8230
12144
4114
5369
33223
6285
6100
4085
-13105
-153
473
28237
4874
2869
6786
34320
5680
3772
8991
18333
2077
2465
18399
10722
6630
11886
-2239
2544
1810
14840
2438
5419
40971
5156
6100
4471
16888
2001
4178
23411
5285
8090
8021
33791
13577
4099
5427
7010
3674
602
3921
-5421
2505
4489
-458
1519
3491
26767
5249
7152
6743
3054
36896
17011
2631
19679
7177
16368
1806
7401
8881
6014
9745
17564
26723
13873
4740
4216
5869
37211
10704
815
5616
-18933
-5133
-4415
796
-3546
-4012
-1182
-4012
-1088
5390
4754
9482
1536
2433
4730
4453
6284
5641
-11056
3038
4745
6177
43520
4564
10962
-8212
-2211
-1974
-2055
4471
-1705
-491
24383
-1827
-1285
-16783
-2794
-1000
-5646
-10777
-2900
-1510
-2497
-8257
-3429
18975
4099
13577
4569
5203
11508
4128
3921
-5541
-972
-173
-12153
460
1169
46
-4540
9923
9923
8204
12766
-10459
-2127
61
3846
2366
56
2723
-1800
-4095
-2527
-302
366
-9795
-3589
-2802
-14529
-1734
-825
41418
2544
2561
-2239
3021
18267
4489
2505
-458
71
3021
14760
10323
3017
7049
10314
824
1094
451
-5284
289
3506
519
29371
5006
5419
21987
9275
6981
24008
4870
4430
-12551
-1715
-5498
11083
349
5468
24486
3214
1031
8883
761
4374
50381
5393
6100
6321
17680
1813
15399
7851
4304
177
-458
2505
4489
-1161
3491
5600
-2018
33095
4026
4542
32163
13999
13530
47233
11650
7596
5920
8807
47672
6507
4262
14401
3959
2118
10729
15078
4660
9892
4480
8193
2729
62415
6697
924
9025
17799
7068
44628
10208
6534
7033
2494
11572
860
12976
11453
2823
9300
39525
4201
4700
3391
1138
2499
4651
21618
-1966
1487
47746
9774
13604
12149
7259
2268
5155
16457
5468
349
-1945
3538
7749
9282
12581
9197
-7757
563
1182
19059
-205
1767
131
62367
6598
9527
744
-301
3277
8839
7791
4376
4521
13631
2350
4392
2270
7084
38300
5010
-1666
47022
9923
-4540
844
1659
4118
2494
2684
235
5392
2525
2823
-15740
295
14373
860
12150
5642
29227
11994
12581
4434
4600
62227
6187
5551
1765
924
10869
1543
-232
5071
5973
11572
16097
6296
-16959
-1974
-2211
2104
-1705
-491
24023
-1664
1206
-338
-88
-3227
28329
4740
1510
13873
3302
9892
-4795
5959
5596
2494
4724
30793
5249
4633
-173
944
2072
4478
3073
1473
4712
6291
1854
1776
1367
5198
13905
1139
3016
29376
7846
4162
-3479
-267
5574
-2093
-2593
3557
8901
11352
16519
6333
-275
5386
516
2687
2333
34342
-83
-1285
20510
2957
125
7179
56515
9797
6719
7333
5930
7084
5869
3404
6455
50936
5308
2311
34965
8411
2247
2457
2800
27753
8440
6751
5653
54
3507
11672
1569
4939
25395
4573
5786
6285
35770
7641
7290
374
8426
23148
2784
7342
10547
48889
17263
7487
4844
10459
4969
10841
1934
3714
15633
15540
-27
6071
521
1625
17799
32051
3215
4854
-9781
-214
8348
41422
7172
7774
24461
6933
8157
-2335
-712
10354
9892
3693
10021
967
-22
15494
9782
1556
34518
10469
7658
6379
3665
18529
2333
167
2188
1570
26769
1082
10005
4681
39887
10533
4531
6388
-375
3131
3987
11678
9613
5733
4459
1183
6806
1806
3799
-385
52494
11535
8288
29886
7393
13455
924
8651
2518
3993
3240
5408
-1443
-22
967
139108
19459
7501
5946
5078
-884
8477
7157
-939
3533
32937
6535
-2267
1294
3214
-23100
-5498
-1715
-4012
-4012
35987
3426
3983
6024
3188
4753
1163
-2018
2972
5803
-2057
-1767
21528
8822
1745
-4182
2533
5091
1308
1950
4769
5094
3512
2630
8597
2858
4713
3766
30583
3099
1361
830
5501
4288
-11720
439
7932
1530
30475
3983
3426
6024
6102
6487
1163
2972
60045
3237
-738
10422
7561
5459
-240
1921
2507
4299
2349
1288
6100
10979
1838
1744
1299
1251
6179
3668
1979
-126
-1114
5616
5091
2533
3603
3512
1530
2630
8597
29415
6241
6013
3673
25300
3131
924
5592
9025
16048
17799
5929
7068
24408
9288
2494
71466
8235
5731
5860
12154
5223
4410
7354
1367
538
235
2491
3940
6458
2261
357
4170
294
4930
707
4973
3072
22695
-1630
4312
2140
1556
2399
21645
2225
3023
5801
3305
3124
3833
5806
104744
11952
12743
3284
13755
2823
13139
5520
15313
10151
7068
15969
19985
1791
622
4053
3849
15505
5012
4225
6996
-808
1716
1067
14626
2146
1864
24188
3156
6100
4614
-136
18654
5505
10181
44679
13602
8756
-504
36704
3591
600
11214
600
4556
9707
5674
7399
2583
5652
1679
6610
1143
18996
8323
738
9284
900
13672
7177
9827
7401
12402
47056
5664
9204
-504
860
-2274
11453
5642
32416
9694
14168
2623
40992
2574
514
18793
6888
2261
7942
7446
4170
294
24863
2830
17799
7068
-14761
125
2957
-830
4177
2495
321
-2440
-1705
20801
13293
1789
-54
-1575
13445
1551
514
-1166
6240
-4415
8796
-2535
-173
-972
6877
1716
-808
52483
437
4312
5419
6164
121327
9102
2244
5793
4331
4313
4186
241
3708
1053
1556
919
6381
2399
27556
3117
-3844
21096
10181
5505
23153
2772
-871
3348
17476
2955
5337
27375
6456
1420
2079
24096
6313
1417
8172
-1683
2785
3086
137
-435
12035
-2237
33
1050
15371
-3691
-443
-4941
-196
351
30555
4323
3109
3913
2949
32313
2244
9102
6632
6605
2140
241
1556
2399
5033
13352
1296
10311
8889
17824
3596
4973
7851
8346
4304
-3823
-1020
573
-3424
5192
-2621
-1038
-2829
17829
1745
8822
22765
4314
2398
29685
4692
5071
3501
21404
3041
5293
6534
12271
5588
12150
43876
1762
-1000
19075
1954
3332
2825
32246
8224
8241
17794
5752
6232
5707
21853
4175
12333
7584
1963
46037
10610
3338
7767
7910
6275
3589
13964
3086
3596
49
34250
3042
6995
6736
66983
7371
6250
7371
49436
7873
9668
7394
11006
3856
291
3307
1457
1923
-7545
6148
10158
11671
2785
-1683
594
20798
1380
17799
3604
-2816
-1581
2623
29596
-593
2773
-4082
-286
-480
-1123
868
1547
26887
4936
4693
871
20758
6136
2868
12144
1709
-1095
3374
21279
1768
4895
11049
-54
1789
-938
-1575
37558
14088
356
6534
23064
2577
2950
4561
22366
3023
2225
5319
3124
4873
3833
11943
2005
6557
76856
12972
5337
3604
14903
17766
4073
2094
3868
4050
6039
11224
17799
8022
5169
6013
3632
3673
3015
56257
12484
4630
11678
9873
46803
6511
6428
18035
3377
2150
37832
3284
11952
600
5520
9345
9723
3604
14354
600
7105
7068
54157
5227
2404
5466
7847
1380
2461
15722
4143
10988
10293
10988
46836
7860
5633
5197
6455
3660
2427
-443
5292
-552
3139
11002
279161
45233
44927
55284
29577
49246
17799
11245
40054
39652
3604
3782
1433
12712
47324
-2239
4667
4214
27979
2974
3526
8331
9895
39288
6211
5801
-4408
216
8507
29246
2718
3109
3913
6450
-3789
2831
2987
23967
1963
7767
5276
13107
7601
6179
9973
974
7949
52036
3436
3595
13067
167
2333
1570
-19
1426
6549
7483
2719
869
323
-5720
4026
6342
6302
-6250
4701
8570
8600
8691
16375
1712
1570
3383
31840
1191
3643
1144
6300
4686
27735
4123
7323
8992
8091
1067
-808
3526
-10718
-36
3076
-3469
-814
2484
5478
1764
-2057
-2258
-2799
-4271
-2821
-4231
-3094
-1815
4673
3017
10323
7049
22906
1561
7204
6553
3996
1519
2505
4569
1851
11398
-1123
8476
12712
-1815
1455
5119
29679
3780
3732
326
25282
12282
6765
6069
2459
1639
5007
-4698
-1669
4042
39078
5763
8272
796
1649
6210
8235
12976
7758
1422
625
34988
4765
-254
1361
2828
1240
1593
36050
5361
-1104
31941
3714
1934
15633
5973
15540
-27
13149
-285
-931
3837
21540
2631
17011
3665
34643
748
1540
10019
2106
1530
2764
622
1791
2465
35333
11268
5405
8836
7064
35953
4787
5741
5160
20219
-1827
1279
14698
2396
9723
4415
15313
10318
14950
-11477
-1979
2821
-2648
34920
2545
8618
-8900
-1666
5010
-254
1361
20780
6174
623
1371
5999
1656
5207
-4931
-825
-1734
24913
1751
1514
-4942
4975
3940
4790
680
7425
1963
26832
2441
13345
6275
14528
1089
3046
-923
31270
-1141
-1285
304107
55284
45233
48966
49246
41675
40054
39652
44585
4306
10869
34993
2230
5694
462
5790
1313
6060
2004
240
29372
6490
1720
5948
2820
13455
7791
6214
2705
-354
5565
42837
4648
6100
4471
25330
2138
660
3865
-13387
-2657
-1831
-1491
4916
1214
385
25201
5590
2856
10547
62843
6520
2927
496
2224
5651
42123
19679
17011
-146
-491
3696
56785
4381
6013
-1312
-1691
-1042
-1590
31743
10102
4633
-19
8983
8137
1282
582
-1213
42128
3357
7741
28983
5723
3731
2945
1231
6179
11382
5872
-7384
-1405
4480
7851
22479
5551
6187
6534
14373
12150
4480
9156
19419
3131
-375
3987
7089
2807
2510
-1123
-3502
-254
4765
-1666
9441
22732
10568
10813
29498
2131
7648
40237
10781
13672
9827
12402
23822
14650
5099
6119
1308
2533
5094
3512
1530
8597
2858
4713
3766
28250
2985
6100
6488
4066
3921
3556
895
3338
33374
3584
7356
-3480
1673
4630
2579
421
2465
2889
1529
43864
4211
2785
6817
29005
5801
2225
6211
10547
3308
5319
3833
35615
5246
7350
7101
23433
5633
7860
10163
2623
7936
5473
2498
5359
33377
4090
6826
16097
4434
627
2121
6579
5265
9746
64324
5293
3041
8235
222
27338
6405
6975
3308
-8121
1489
-584
46990
5371
7518
6321
7788
5081
9152
21561
2540
5081
3446
8668
3376
4599
-3715
6562
-1114
37801
8402
3625
3738
-2293
-1346
26841
2311
5308
23480
4551
9210
-4627
-146
-1514
211
-798
651
5682
62201
6532
3840
744
-301
3277
8839
7791
4376
4521
47425
4693
5203
11678
8167
7278
46425
4910
7071
835
19800
6285
13314
-1363
7166
6666
38770
2736
3100
37475
3648
10737
8122
3087
6539
1299
1756
4688
51339
7379
10068
12766
3035
8696
3089
1419
7239
3386
4078
8202
1950
2533
3512
1530
8597
2858
4713
3766
49553
7544
991
2501
15964
5459
4006
7609
55
573
303
3109
28800
3773
2337
36482
4688
7035
1691
9910
10087
-1050
3833
-443
2578
692
5027
2542
21039
10767
12230
13482
3345
1193
1313
14224
4880
106
2278
33669
4120
5793
18543
5071
-232
4692
6859
5038
9934
-1634
3959
7035
7239
17369
11453
5139
5642
9892
4480
41534
11012
14356
16273
38271
6259
-390
51065
5062
9866
3877
2173
2823
4094
2389
9025
16048
1047
17799
2854
9765
756
6013
5929
4488
7068
914
4760
17567
6414
10985
24738
3469
1915
7071
5419
4668
11885
6618
1124
1981
-375
4685
30015
3188
7020
5894
32844
7032
6426
59231
7354
4222
535
4398
3850
-6837
2285
1235
54354
9595
7518
32824
9738
5072
-755
7799
1994
8235
12976
36059
4633
5249
7720
8384
5611
16897
28
7177
7401
940
-2374
1482
5703
18633
6534
10208
3041
14088
5551
7033
12271
14373
5592
12682
2494
2510
1538
11602
5233
860
12976
9288
11453
12150
5642
7851
5473
2498
7591
-138
313
387
18753
2160
4025
-884
416
467
1581
-1539
4972
34806
4569
4099
1519
5203
6591
2230
4128
3674
3921
22702
6565
4312
2785
3416
1674
-808
3191
3473
23556
4811
1214
43584
7518
5371
9595
3761
2507
12144
4973
1279
-1827
47809
9262
12144
21203
-12
2330
22113
5633
-998
-1617
3814
1780
28942
2003
1000
5583
5033
2465
5565
1713
20976
5770
4693
-172
-780
25865
3285
4204
3124
43290
4606
9504
11576
2597
4599
5596
5027
2494
595
6210
1538
3613
2932
2542
5192
-11422
91
4672
4143
4130
5631
3048
-722
41978
9310
-275
36720
4280
6100
-132
1080
5077
1414
15020
6719
9797
7333
7084
9701
78380
13755
11952
924
5679
9025
17799
9765
7774
8839
5287
29051
2094
9866
4073
16048
5493
49591
10600
4630
11678
9873
26413
603
1625
17799
48832
9182
7854
37326
3741
2698
5794
878
1494
12056
2058
8724
23098
5214
15371
6878
38459
2611
2140
2399
11785
5132
10158
7097
8194
5470
240
9094
5728
2889
37220
6521
1677
1811
835
58603
3475
2280
3654
1498
10481
8961
1534
3271
-1663
1798
38742
2543
4186
919
2797
691
5027
692
4599
1538
3613
49351
6784
1187
41267
4111
8235
39759
7523
12927
9984
-938
-54
20371
4907
4475
7870
58454
9366
4114
3610
4114
33888
8356
6450
10233
240
5470
14577
10481
1348
23896
12179
1530
33577
6751
8440
4029
-5378
2053
2612
5831
29459
7929
3139
17985
6016
263
2072
2250
3097
2635
-666
-1114
6057
1897
-1655
4890
33
-2237
5480
8106
-117
5302
29560
2607
3586
3600
55270
9175
17799
3604
6838
-738
3237
5337
17799
6203
10737
39622
6396
3013
9332
21245
6234
8726
6872
5369
6650
6989
30205
4090
7269
-808
2909
8005
8961
8096
3031
17
2408
12424
233
992
6370
5683
4286
4761
1529
24391
6743
5682
-3581
3782
6292
2100
30559
3090
2172
4776
47654
8088
2177
34256
2868
9504
6136
7449
2552
3672
7438
9199
6450
4165
2337
12144
14594
5203
4099
4693
4569
6591
5157
5427
7010
8058
6092
11678
4128
4745
2095
3674
3144
5953
1962
4006
3604
457
8316
3921
43554
6859
5071
9934
5139
6141
1562
410
4030
1125
7239
1988
24122
2883
2897
7323
44985
5631
6100
-1144
23024
3641
3940
4724
2495
35974
6539
3087
924
17799
11221
1756
3632
7068
30927
4529
1294
3214
3020
2923
-195
10311
8889
97
-1440
4936
1851
-907
61
-2127
30329
2765
4031
54565
7449
2868
55270
6542
4177
4024
844
9923
9923
-1116
8556
10256
17727
16281
15700
8356
10440
13058
3607
37449
14834
39887
2494
3613
27634
1743
3171
9469
-6095
-2258
-2057
-4271
-2055
-4231
20801
11344
48790
6075
3956
4238
45609
6548
6100
30922
4705
6092
3604
5659
1431
11643
10201
3472
9125
40594
3731
5723
4389
5692
43090
5860
8235
-171
4839
1272
4755
7254
3373
8364
5466
18854
5191
4307
4467
-1993
-518
1677
3514
13099
4151
2171
-5405
-998
5633
22354
4531
10533
4120
4359
2863
-129
1677
5103
387
1310
1410
5621
2366
6039
-587
24904
4383
12927
43060
9083
-989
37378
8933
12043
7290
8807
44699
4898
2898
3908
30330
5427
5319
3124
-982
3940
4975
830
-1834
852
42239
6100
11612
6285
5156
5393
1288
3156
4648
2985
4280
5631
6548
2921
4630
3856
4085
4083
5346
5595
13604
6321
4449
12149
4033
5319
1542
3414
6488
4978
8477
8742
2047
7394
5678
5011
5000
4066
5421
4973
4614
4649
1962
2013
8992
5712
5611
4668
3176
8413
10193
6848
4467
-7305
-226
607
41228
3958
9504
3968
4249
23780
600
3591
3284
16048
17799
3604
5856
22827
3212
16048
17799
5169
4915
7068
21519
2921
6100
1962
7360
7775
3698
5876
779
9580
851
10475
7203
8915
37372
7396
4415
5132
7181
10894
8356
15700
16281
10440
7264
13058
4045
12244
6273
4825
-2655
-480
-286
47114
7514
8756
4911
5187
5064
20786
6126
7534
32240
3275
1878
18341
7642
-989
8941
1699
8889
46609
11765
784
8137
3162
1041
2425
65634
4700
4201
3391
1568
54282
13672
900
10781
1398
3122
2501
403
37
1431
9346
21284
3925
6583
-3227
-426
2959
36857
8535
6179
7181
-10907
242
-245
26947
3316
1466
2669
20745
1224
4019
4165
2337
679
18230
1337
12927
14797
23763
2482
3848
63533
3598
3823
-2135
4288
2397
32894
6952
16609
5452
268194
48966
44927
55284
29577
924
14168
17799
11245
40054
39652
3604
3782
27038
1433
12712
7405
53156
10105
6570
36698
8756
13602
7514
2612
7985
4799
6570
41695
12927
7523
4383
1337
-117
7401
2911
11094
11616
14797
11877
184
2107
207908
29577
44927
45233
48966
49246
39887
41675
40054
39652
3604
44585
40206
1433
12712
47324
10869
30865
3090
2172
4776
29271
1677
6521
-518
-129
3526
6133
6975
3601
486
3308
4135
5000
1811
6974
3545
3514
37791
8235
4111
1268
851
1546
-1963
86138
11863
924
4556
5287
13981
3793
350
2969
32088
6522
13164
8123
598
11427
623
6174
1094
4841
29501
8999
10388
43093
2172
3090
3090
25052
2013
17799
-2221
55151
6162
3446
4854
1294
9720
5089
4078
34198
13057
9950
27666
4630
12484
1673
10600
6100
13514
11678
3280
2047
7394
5678
4471
7350
7381
8331
11408
66291
5274
9613
679
15158
3862
429
301
-1260
-579
5020
0
15217
4286
5683
-4415
-722
5187
955
27788
2446
3149
4755
40676
2905
1192
91322
10614
10151
33481
6317
7273
8556
3589
6275
19068
3856
6100
-848
5480
1616
33
8333
3511
-704
728
1348
48049
5888
9504
5471
6450
2337
12144
3176
22188
6292
3782
1299
5862
14267
8333
5480
23477
3302
-390
23822
4085
6285
6100
38662
4489
9504
9199
27815
2149
3439
3416
974
47508
2269
5234
25553
5577
645
12332
645
5577
-14302
1498
7380
-19853
6302
6342
4026
1948
50373
15633
1934
3714
1159
744
16097
1784
3277
8839
7791
-27
2156
5618
4437
110
4321
-7667
4262
665
22766
8726
6234
815
6309
6294
21385
8597
7229
6649
3125
2721
531
-2719
-275
6333
9310
6124
10521
10768
7292
1484
5934
6447
12707
6275
4239
5683
38
9580
48321
1320
2786
23127
5103
-129
6133
4286
3508
2706
10473
2306
4135
6974
11487
835
30611
5778
5554
49616
6632
2244
1473
3021
4339
3248
2178
979
-162
39853
6451
2095
20928
2130
6780
1187
9709
29966
4083
6100
4794
1659
9923
9923
-1552
779
12382
-420
4038
33749
3732
3780
8154
3186
-733
8301
7033
10208
6534
9288
6126
69
5302
5431
26763
3004
7333
1398
7084
9461
31165
5718
-2753
14612
1466
3316
16374
655
7916
63288
11878
7774
1187
20949
3439
2149
3416
40354
12333
4175
7584
76154
7395
4410
5466
69699
2192
3534
6164
4178
4686
2107
37241
4649
14168
5592
11245
3782
6203
15787
6369
12712
3710
1431
37
22845
-2295
9617
63264
10168
6278
-3913
1744
1838
163
5288
-367
843
-66
385
1214
13314
-1294
6666
87170
7949
974
2177
27314
4389
3731
6321
-265
2665
-577
26669
8669
6366
-2131
-328
4608
10241
3047
4299
20432
6591
4569
5203
5953
15301
1961
9848
19215
8106
33
-3691
5302
28173
2730
8618
10362
44202
4742
8167
20336
1890
2465
13960
-117
12927
7177
2828
1398
2247
13115
7401
2457
171
7552
3332
1954
6956
50748
6491
2828
7648
6515
10896
3737
880
-5178
-870
467
1581
-1539
4972
-2150
35911
3353
3643
28199
13455
7393
2820
5974
15078
3277
8839
7791
-5124
919
1650
-2055
-1923
10817
8507
216
1530
6326
3607
4226
25786
745
7360
8451
3868
4073
924
6039
-6868
-871
2772
39452
6896
3830
7394
4973
64191
5002
-338
2188
-5115
2484
-814
5478
1689
4138
3109
5917
-1268
-1116
844
4118
46340
4115
5081
-209
59
-154
163
8248
-1361
1506
43117
7056
11408
14739
1759
2874
2243
2240
31106
3506
3526
8661
-217
4606
4886
1229
3338
21418
4143
91
3048
5992
17612
7399
5674
38070
5046
2821
16328
1050
-2237
13164
26823
5875
6243
6640
1902
1564
62712
7002
6250
6568
7349
24767
6458
3940
-133
46614
6568
6250
7002
4978
48718
6022
5417
19834
1765
6187
1046
3724
4480
6576
1095
24627
277
8992
22835
-2253
-4576
-377
-1285
-1572
829
1544
-1065
446
303
12558
3973
7180
28794
10311
1296
-195
6754
8889
7096
2411
1696
22409
2776
344
5187
35867
5353
6557
21816
6995
7093
23011
4402
-2091
22567
924
12743
6697
6187
7393
3131
13755
6539
48966
11863
3868
2823
49246
2389
39887
-301
5064
5126
6013
2496
9300
3632
7851
14950
3906
3648
7782
-1528
4488
7880
7110
665
27782
3417
8057
6426
-1860
2426
1519
31643
6234
2994
27110
6124
-275
12707
25453
5337
5646
42430
4447
986
27179
3574
4639
93066
13636
2828
27892
4165
7228
40540
3396
2722
1067
1679
5652
6610
1162
32534
12271
3041
6534
222
2262
-561
1576
9482
335
9106
2925
6210
6026
625
25345
4663
6413
2316
6450
9124
-1767
-2057
3338
13618
2272
4524
3840
6532
-301
5974
3277
4521
45092
4652
8244
3929
51735
9123
7490
17799
21455
5919
5863
5654
26426
3526
2974
1067
1677
2551
2460
5197
3545
22095
4832
11612
3871
4792
7415
-1161
-458
-969
20542
2230
4569
15179
5863
5919
5646
503
34515
6747
4400
25385
6024
3426
3983
4753
6102
1820
1163
79489
5000
462
4186
-749
402
-311
3248
1640
7302
9907
2721
792
-12411
531
2089
1856
2108
606
36547
5346
6100
3149
2108
4421
12129
3152
9235
30836
2667
744
3585
4053
11376
153
2694
4551
1064
-613
9923
1031
2684
17500
1538
5786
26865
9204
5664
14373
5592
2495
2643
12150
60288
1639
2702
31277
4907
5419
19571
4031
2765
17799
55201
8618
2545
2730
8218
3599
1769
68582
8535
7200
3719
4957
1544
829
3436
1149
13104
988
2959
43288
10163
5633
476
31912
9665
6057
17926
3877
5062
16048
17799
4556
4488
7068
65055
13514
5138
4630
11678
5678
7381
31864
5157
5203
44012
2459
3696
44456
6560
11441
48920
4997
11612
4001
3578
3578
14987
1109
4693
871
3030
11487
-4665
186
3065
21272
4428
2821
54491
14696
9185
584
33739
7152
8566
5168
956
6210
39028
-1144
5631
12149
3761
7741
6450
5155
12144
17024
1502
8273
8231
264
4514
31581
5427
13577
5203
1066
2568
19153
5772
1399
9515
-860
-646
-13062
-4415
-5133
6240
4286
-722
4570
-1182
-2711
756
51
14978
3506
289
519
-239
3698
7775
5876
36609
4680
2231
1550
3553
32766
1000
2003
25379
4430
4870
0
58549
5133
2698
5794
79344
5583
2003
13641
2173
5062
17799
8518
7774
7068
10985
4398
1695
2100
3782
-998
4130
91
6242
44316
11112
9923
2684
2823
864
-1514
-146
5682
-1297
19331
6767
4702
34331
3101
1306
39174
4312
-1630
437
6565
3055
1053
6164
28408
1253
6545
8881
-626
-1285
19241
7749
3538
5801
8334
4434
12976
12766
6412
8139
8193
5936
625
-410
2397
4288
32399
7863
15371
40054
10710
9617
1433
16912
3940
3641
3358
4954
482
-748
42696
5474
3871
22394
3188
3426
5306
6853
10153
3665
13631
28591
3840
5369
7648
30353
7035
4688
1691
9910
25688
2949
3015
41711
6583
3925
3850
-10987
-837
6321
-611
2158
2013
326
41174
7854
9182
13254
9577
33080
10813
10568
-1340
-1118
3069
-335
32794
4382
11643
3472
3731
5315
45431
6133
1677
5103
4286
3308
4135
5622
5692
3343
5886
47649
8188
3630
10735
5238
4498
75
-762
-1484
46785
13314
6285
385
6666
32167
-673
5879
4901
4633
10102
34010
4833
5233
32655
2773
-593
641
2272
40133
13530
13999
2669
20207
4225
5012
11572
2406
16097
9723
4824
-4540
-2799
-2057
-2055
20801
11344
5577
1970
2897
-1527
12641
1190
5646
374
-272
23741
4911
7514
5971
43735
5595
7138
6100
15420
-302
-2527
4724
31480
7333
9797
6719
3004
3495
2531
25909
5038
5071
4480
41581
2434
3120
66292
4094
4562
5419
5418
36336
9306
3665
75728
15371
-2237
5214
7863
11245
-748
9617
-3844
-443
-748
4468
22966
2823
14401
11952
5062
924
5679
9025
5973
16048
2397
17799
3604
8518
4847
10151
8839
7068
11389
3539
-566
106
4880
9692
5431
-1679
7948
3122
-8170
107
278
-6819
0
2240
13319
9219
31265
5653
1920
24374
3696
3016
6296
111003
13139
11952
5679
9345
8518
15313
7068
-2958
-983
-1655
14364
-1484
-762
41609
3860
5055
9207
3425
1762
-1317
523
4764
21469
6213
7289
5944
6336
29426
7152
5249
6743
3054
29869
1946
3213
4229
67398
11643
1431
4382
12576
171
2150
25785
3415
4014
9398
514
2574
1551
-3424
4425
4839
16117
2443
12306
5450
3065
186
-162
3139
28124
9700
15931
31989
2552
2868
4335
281807
49246
45233
55284
29577
924
41675
40054
39652
44585
4306
10869
20344
2850
214
285
36187
6975
6405
1677
4033
4410
4551
2694
153
19236
3722
1487
-2021
3177
13289
9006
-9
3041
3666
1444
1001
26505
3586
2607
5343
4263
413
36922
5838
8097
4668
4421
22074
2104
-1974
469
-2623
27284
3672
9504
2868
4449
9613
7741
2337
8230
3176
8443
4286
5103
6133
6974
3545
7582
149
1673
8441
2072
944
4478
54853
11202
5081
1294
28368
7010
13577
5203
3424
33438
7179
2957
3358
79030
14373
295
5551
6534
9204
11453
4480
625
70506
14168
13282
9694
48966
4649
12527
41675
12712
3402
-969
-1161
29563
3963
3148
2540
22086
4478
944
2072
3073
1473
43266
15399
1813
2187
7746
36976
7177
17011
900
28
-117
39222
4050
4073
9185
7068
20955
2498
2829
3814
-8979
7002
2346
7764
2897
1970
5445
35102
4094
5062
16048
17799
4556
4488
7068
26054
1206
-1664
-482
2702
-1859
28823
3732
10511
2997
25000
3557
-2593
4871
4292
4367
5481
4761
5683
365
2074
8476
27900
606
2612
31253
11627
4920
37342
2271
6164
2177
532
1811
38154
9312
7766
7994
1336
12194
-912
1327
11083
3266
1898
13935
16273
60260
3636
5249
3334
34726
18158
23127
571
3879
382
3568
28157
9441
-254
32710
3391
4201
4700
1229
5191
41066
6667
6824
12840
284
-1065
829
303
20921
6568
10998
35309
5337
13282
2955
12972
-738
17799
10422
5635
44585
40206
10737
7561
58754
7126
1377
14915
3139
-552
7929
34136
4564
5973
3008
3833
17799
11245
3604
3782
3008
10737
11735
6821
-2674
4118
9923
9923
-1116
46296
12865
2623
42941
5592
13282
3131
6534
4649
9204
3008
16048
17799
11245
40054
16097
3604
10422
3782
11453
5635
3008
4556
1433
5287
625
8663
7068
10737
1812
11311
6035
45490
4177
6542
4331
22322
1786
6824
-728
3337
1786
-542
1775
860
7468
5093
5664
40868
3508
5103
14643
23615
4451
281
8640
41190
10962
4564
3665
42570
2922
6912
28770
6123
17799
17
-30
858
9346
-1148
651
3055
3633
75
936
17125
34980
12682
6534
9282
6026
860
41950
13631
3665
19202
6549
1426
1921
8489
-1552
1659
779
-420
15309
476
10163
1364
27295
2618
6314
5510
7543
9346
7870
2856
5590
10547
22036
3436
1544
-584
1149
6679
2239
4106
4906
26776
4222
7354
4151
2624
25307
1811
10422
5787
8663
13853
10737
10869
19621
6978
6813
8148
6002
1673
149
20215
94
3595
3571
4769
2533
5992
1530
8597
33028
6400
5830
4159
6695
2333
7582
-7064
-64
6122
5405
7064
15473
3149
2446
5346
2108
1272
4917
21763
784
11765
707
295
74332
13604
9774
6100
12149
3712
5155
8891
7112
762
31828
6321
5393
5371
6100
4389
-837
2158
5015
2013
38163
1027
2655
15078
5408
2855
1838
15664
-1639
-1099
2657
18671
7012
6296
36273
2389
5062
924
17799
12976
9892
12652
-1118
448
10869
21040
10158
6148
5132
10481
8961
-1611
9225
60505
5679
12743
13755
2823
13139
9025
16048
9765
15313
10151
5929
13981
15969
193604
39887
44927
14834
29577
924
17799
11245
40054
3604
3782
12712
7187
4216
13873
779
17799
-420
11453
17944
9482
4754
1576
-125
23745
6872
6234
38580
6423
3059
526
6243
23455
10068
7379
16097
12766
7758
59943
9934
5071
6859
-9258
1492
6645
-722
6695
1221
1557
382
3879
5384
3568
-860
109
6031
4765
21025
4120
4531
82182
12527
14168
4306
12845
815
10704
8726
5616
13140
38394
12043
19235
8933
11678
19235
24003
15981
2247
2457
14797
11218
3712
2837
22456
5654
5919
7290
-191
1190
8328
5215
-6998
-3251
1650
-1965
-1923
14971
3059
6423
526
6243
61343
10547
7342
2784
5590
5801
2856
6482
5872
5658
4291
74362
9025
9866
6697
3131
5062
13755
2823
5679
16048
5520
17799
12651
4315
9765
5929
7068
10869
-3406
5992
4769
2737
3074
2188
5094
8597
4147
1487
-1966
3722
4895
53045
2722
3396
23071
5106
4556
35750
3968
3958
4449
4249
24852
2316
-1887
1307
1031
3214
-613
2684
23629
8727
8928
4258
1066
5427
71
2568
3921
7319
4584
10201
5456
7113
7658
3541
3665
41638
5528
6995
6736
7018
29709
2897
2883
3569
7323
4573
1793
2280
36338
3001
3511
37237
1946
2821
3046
-5563
8476
-1123
7667
2737
5992
47656
9504
4606
5675
4403
11576
4059
16999
841
3115
30120
4024
16048
3604
4521
45877
3330
664
-2823
298
-48
31070
2950
2577
-5595
-2947
-2055
23953
9207
2959
6944
6931
2070
-733
28602
11535
10543
-817
35595
305
261
1229
5903
540
6210
12976
1422
625
3902
1696
2411
2812
2261
3940
6888
-133
4170
294
-9353
-2829
-1197
21214
2981
1294
2990
1868
733
2530
20002
3016
1139
3696
16097
-1104
35359
7451
17799
5126
11323
10737
29174
4764
523
3267
16609
45780
346
2180
1996
22127
1431
3113
16755
4169
249
12650
5033
2003
2382
29334
4101
9504
35321
16368
17011
8889
9745
20801
17083
6497
6447
12707
4875
-10343
-722
4286
-4415
-3546
-1415
955
15889
-1655
-983
29884
2231
4680
3849
3793
71834
3643
1191
3353
6300
-226
44659
-3000
4725
-1859
21395
3620
5410
2863
27719
7530
2924
-1583
469
2104
5675
11678
3569
4471
2586
5478
-814
2484
0
10631
5901
4236
10057
2278
4880
11127
2024
1398
12402
5315
31777
12092
4678
11293
5099
13626
3553
2293
4633
5178
3553
1344
16077
-2267
6535
4107
1294
4459
30030
3113
1431
11559
1159
14401
15633
15540
8561
2494
5596
9923
10208
9923
5959
9288
6534
4599
14834
12581
4746
16097
12766
6179
13523
5787
11118
4724
4471
-5555
-1216
8273
16592
10521
-275
5934
37579
8235
20424
3963
313
-138
58503
7936
7488
6149
32359
6413
4663
4019
2337
5679
2322
1073
42190
14956
21748
13523
-3127
-1017
8156
613
30006
3396
2586
2158
7259
2240
0
1629
5621
1410
2366
43773
5666
3403
28675
2116
3205
2828
69543
5973
-232
3714
2823
4564
2510
8022
12325
9765
-301
5929
5864
4521
393
10362
6821
29647
5771
5149
54783
4920
11627
-12300
595
4599
2542
0
5192
34969
4019
1224
6413
4135
230721
41675
55284
29577
49246
14168
17799
11245
40054
39652
3604
3782
1433
47324
10869
59578
8002
3617
3838
707
784
295
10114
1417
14467
2924
4161
-746
-4190
1530
2106
28857
1915
6203
10626
28182
4725
-3000
-747
25
-1859
13459
4214
4667
5735
1650
919
-3251
-1183
25420
3906
712
2506
-298
3358
60453
6826
4090
9858
6061
1539
4129
6243
28091
9282
3538
12682
12581
6026
4434
7451
9197
7041
-3691
6664
37548
11572
4262
10208
-232
4225
2510
2143
4434
12766
15252
4017
13981
11682
2216
-5079
16201
7978
11207
30420
4561
2577
34820
5081
2540
11202
3830
4973
1294
4459
24410
7095
11453
41348
6400
2152
11886
874
-354
1477
-161
867
25253
5631
91
94819
10093
-1718
-2254
-484
-830
16526
3511
5480
3001
-88
-117
3071
1878
-1285
1735
1357
2662
4314
2323
-3086
18405
10440
15700
16281
8356
1530
2682
7355
-466
1530
34377
4409
3284
13631
8033
-172
1478
1371
6174
47277
6675
4828
-6301
3074
5992
13058
8597
-8624
2094
8149
4943
7303
24008
6545
1253
20610
5445
2897
-1527
12641
1190
5646
374
-272
49204
6605
2244
1473
3021
39165
3008
4564
5592
3410
17799
3604
10737
31536
7307
7837
11418
6956
3332
4710
2606
1360
-1253
74
7087
22022
3719
5555
32215
3446
2540
6162
3020
12686
3596
3086
49
45246
7782
3049
24394
6845
10607
6673
42418
21748
15401
14956
6031
13523
9674
5872
39930
3547
4248
13294
2421
3702
26552
4449
6100
3672
3968
3964
4249
4722
4291
27921
13254
7854
47931
4562
4094
13173
8584
4498
5238
7380
11007
7676
-4895
-1363
6285
6698
1172
775
23568
7966
11221
5635
4913
-219
880
3737
29804
3302
1510
4740
30201
10768
-275
12707
-1534
-4271
-2057
-2258
-2055
-2821
-1923
-4231
-3094
-1705
20801
11344
8302
2020
4323
1391
4010
1519
-167
-2014
-2055
-2821
-1705
38801
1193
3345
4290
6029
-137
-1491
31801
-5813
3049
-2894
-1285
16984
7292
-275
9670
6645
1492
28093
722
4182
4188
-1197
58187
6039
4073
3868
3632
10985
15225
404
3334
20061
8090
5285
8021
-2615
2822
3548
1089
26923
3617
8002
5525
1571
31302
6754
10311
25144
1919
6181
1266
2782
1530
4290
1547
3013
16912
1514
1751
1602
53176
12149
9774
6100
-1144
13604
31560
6743
5249
7152
3054
29988
6210
1649
4599
2925
956
540
3613
2932
1422
7791
6309
8726
6294
52743
6557
2005
5353
12012
6702
-133
4216
-43
2188
5992
1137
-584
1489
3436
15719
2657
-1639
4182
4188
-1887
15100
3702
2421
32718
4204
3285
3124
4661
53100
10305
4693
1817
249
18607
-133
6702
11602
19211
6448
4825
86274
16048
9866
13282
3131
5062
2094
600
3212
3877
2823
4094
5592
5679
9025
4024
1047
5520
9345
8022
9765
3013
15313
756
14354
600
15313
5929
3632
10318
14950
7068
914
4760
1922
9814
7253
27636
14577
240
-2091
23841
3596
762
-3750
-830
125
-484
13418
-2352
3049
3743
22507
1047
5062
16048
17799
4556
4488
7068
47732
4507
6636
4728
6706
5830
9991
7181
43943
4174
3569
24620
3092
822
6780
3665
11274
-4298
1149
3436
8990
5531
49
17915
3964
9504
4449
9876
33410
14078
4895
94040
7204
2785
1158
1561
4306
1307
6553
7820
1474
7192
33406
6880
15501
33456
5520
11952
3284
9025
16048
9345
4434
3539
13579
4346
6332
3956
14746
1020
3004
5635
2893
27316
3305
2225
38309
6482
10547
13886
5823
-88
6664
6413
-3939
-1294
385
58719
3820
2953
4170
4846
14690
2617
14401
17799
4038
7068
39543
5675
9504
469
4177
6875
5421
4059
31982
4374
761
23528
-1718
10093
5691
4973
17007
344
17125
16422
1484
-275
32365
1451
-192
-1285
6436
-1706
9469
-6333
-2623
2104
-491
35188
3761
7518
-1144
22084
131
1767
-205
-6375
1169
460
3744
16491
4606
-217
5085
2510
2807
6534
5973
11572
17799
16097
-1123
17369
600
5288
7851
28510
4803
3287
8449
9650
35478
5197
15806
7860
8148
3029
7239
3487
37832
9381
9848
-7427
5876
7775
3698
851
25244
2316
4663
7323
12144
13801
2406
4225
4824
2337
-65
751
4902
8889
1296
-195
1699
10311
16368
9745
-1155
25514
6218
1089
1689
17443
2366
2481
6369
11127
1625
521
603
1338
2079
2327
924
1786
20811
10201
1431
4584
7401
171
11002
47016
4177
125
5675
24269
2398
4314
3793
1115
351
-196
27036
7166
6285
6666
22823
6076
5384
3568
2230
29165
3601
1677
26741
8317
17799
36983
2643
2921
5202
779
7775
1659
-1552
4216
11214
7774
1756
15313
4038
14111
-682
2178
17955
82
3799
7782
1144
1191
21314
1803
4654
624
32644
8097
5838
25868
3410
3008
3604
5635
3008
7390
2662
1357
875
628
29
-825
17400
3125
-612
28846
11811
11036
57832
4302
5694
5793
5249
5790
1313
58329
5676
3382
5234
52339
3517
6287
30198
3507
54
46032
9345
12743
13282
3284
13139
16048
5520
15313
7068
-7531
2178
-682
15823
5267
6981
18254
2178
3248
-162
-3061
38
5683
-1637
281
4451
10182
3338
10610
895
1229
-1767
4693
9851
2825
1954
10685
30552
7487
17263
16651
25983
1749
9910
27301
6848
9098
36029
3833
-1050
4564
8663
13853
48302
5384
382
6076
3568
2230
42636
5759
4006
-2839
-748
482
7608
2796
-1197
17075
8162
5735
7659
34733
1611
2095
5658
29335
1544
-28
4017
30579
3267
4764
58810
9466
5041
5466
6900
2706
5103
7741
6302
-618
-612
3125
8116
1247
4936
4765
5557
25064
10416
4932
33807
5830
6400
25126
3848
2482
3314
23633
7192
1474
-6135
486
1677
-144
1979
3668
-126
4392
6562
12569
3071
10853
13522
3005
6610
5652
1679
786
1143
3069
3491
2505
-458
38095
9032
5319
3284
8244
5015
5365
-6940
796
-5133
32649
3424
7010
8725
11678
6664
6413
1272
7597
1773
2697
31808
8148
5197
12424
15471
5600
-458
26331
3472
1431
4382
12576
171
2150
51075
13618
-1767
11918
9541
977
1796
870
1507
6179
11382
5872
34980
-338
-1664
5002
24629
3308
5801
6405
1677
6133
6974
4661
19477
6202
3912
5182
6944
9207
6392
918
-528
6695
5023
914
-19093
-3546
-5133
-722
-1182
-1439
2465
421
799
3199
55975
6400
6203
63872
11224
4073
17799
15922
3604
600
7068
10737
-100
4090
7276
37821
3350
2477
27397
3731
4382
12402
5315
-4854
-577
2665
-9612
-1415
-722
4570
4414
45560
10560
6004
8371
1187
10591
9527
6598
9148
26627
2397
2823
9765
777
14885
1039
71
4936
35320
5424
5733
35441
2885
3109
36939
3832
2669
11002
60678
3902
4256
39571
2684
9923
9923
-613
11112
1031
8251
8825
4724
9816
-80
7401
-1003
594
2785
12137
1538
6534
4599
5027
152357
13173
4562
4186
5418
50346
7356
3584
9864
6779
16088
6394
8215
9152
-8041
-2055
-2211
-2258
919
-2799
-2947
-4271
-2014
321
-4231
-3094
3303
5643
3210
16796
2150
3377
40507
13345
2441
1089
-923
4774
-825
29
62051
5290
-1607
-6361
1698
3548
25293
11581
7812
5405
7569
290
4457
57216
7490
9123
-5965
-2061
4685
-2013
-37
1734
3032
-1527
1970
5445
-385
1190
5646
374
43678
4978
6568
7349
14250
1595
1929
2800
0
-272
323
869
9780
29285
4114
9504
9366
12040
1020
1817
1183
15792
1995
2949
88800
10363
12325
27208
4033
6100
40055
7020
8273
17005
2498
1312
37754
6332
4346
919
1777
1769
3599
3599
86096
12154
8235
5223
7354
0
-3135
-160
4728
10134
5077
1080
23913
5456
4584
3541
12402
2669
11002
16820
4314
1357
875
519
-311
402
3417
5801
7749
12581
9197
5787
7025
9148
9527
12581
13343
4434
6813
5787
8148
-1063
4236
5901
8961
85216
8746
5694
5790
16922
4879
5733
14493
922
963
-3
-172
8033
34712
10998
6568
8688
1806
17011
20302
3799
1806
30029
8725
3424
19104
3913
4080
39599
5319
3023
5801
5427
6100
9032
3124
8384
4998
3833
13346
77908
5694
2230
4302
8746
6830
241
5249
3908
462
34644
7647
6715
940
-2226
792
2721
39759
9827
900
10781
17799
12402
29965
3647
6296
3307
62651
7349
6250
7002
4978
62324
5588
3041
8235
12150
222
47977
9668
7873
29505
3846
-2127
-762
2821
11592
24524
8057
3417
39811
4151
4222
80474
17799
44927
12743
10910
8005
9866
13282
6697
521
3131
2830
1380
4073
45233
5062
13755
603
9175
-738
6539
600
3212
48966
2013
9123
4031
3877
2173
2823
4094
5337
4564
5592
6123
2389
39887
4216
9025
7451
41675
3008
1047
2617
2510
8317
11224
9827
-2221
-504
2932
12651
14356
9765
4731
8272
3013
11587
8518
15313
3648
756
2727
6703
5169
330
7774
14354
3008
10492
6013
2496
6203
600
4913
15313
5929
4306
3632
7851
10318
14950
14903
3906
3648
7180
13981
11453
914
15969
393
569
11323
10982
1922
1338
9814
1187
10985
10737
4216
50563
6275
2441
2268
21538
2828
-117
13636
5239
1001
1444
24946
5872
10547
3514
77474
15922
11224
10869
20442
11806
-1168
6336
33584
12581
14401
3538
11994
2494
9282
5801
9148
16097
10729
12976
708
9197
2012
7041
-4576
519
-3691
8193
5621
-1679
5431
-423
73842
2953
7404
6371
3820
19853
7087
74
22058
383
1358
1144
-17759
-4012
-5133
-5498
6262
-171
5860
3719
4410
3373
8364
23515
7289
6213
5944
28672
4001
4997
7323
36463
4685
-375
-2061
13655
744
6598
6532
15633
4521
15540
7218
1898
3266
7228
16273
-26
51931
1770
4256
3823
4225
-199
1460
2789
24671
8285
6317
1231
5057
7932
439
-3072
86
-172
1457
-5699
344
2776
4570
41480
5187
7596
7514
4286
2776
5197
2041
31707
7088
7290
1190
4080
31401
3284
4409
9032
3929
2821
363
1550
-6630
439
-528
-1573
20467
4042
-1669
11790
3993
2518
16097
12766
-6657
-1510
-2900
49619
7259
9774
5155
6664
3541
3207
2639
-14675
-1831
-2657
3942
-443
-1491
-187
3121
-257
3729
14493
4702
6767
42769
13164
6522
1050
21476
3568
3879
382
6076
5384
8991
2230
5504
21388
4936
1247
5644
5557
15877
9345
4045
41527
8058
5203
11508
51804
3992
3838
10803
291
3856
7009
4746
2494
-2932
-7040
407
8836
36533
5343
3586
3600
12804
-2221
2013
17799
4902
1398
13672
3004
-117
2024
9461
12402
1978
2501
54612
10473
5103
3144
6875
6450
12144
32361
11602
6534
-133
2262
41258
4106
5138
2239
15636
5948
3831
7323
1177
-443
33518
6092
5203
4705
9244
387
-138
-129
61341
8022
4073
5973
16048
3920
7068
11379
1948
6302
8621
3603
5091
22327
1861
3850
11221
22790
4014
3415
6115
2495
1727
2050
27777
3830
6896
5081
16030
3883
6780
16119
242
2721
3048
26481
2869
4874
24917
5907
4103
18687
7663
9961
30833
2721
3125
242
4182
4188
31543
3386
16097
2121
3153
6031
15401
109
21748
13523
6157
51
24620
1261
6358
16021
4885
4503
17473
3120
2434
20697
5492
6025
38375
3610
9366
30614
840
7516
8395
-306
3507
-3262
-455
169
44589
12468
10316
16468
8215
6394
9152
11406
1550
4680
363
3553
3793
29544
4776
3090
3090
-5007
-172
1752
12046
1235
2285
10451
1987
3473
24309
3029
15806
5197
47415
4658
116
37231
2994
6234
21257
7282
1720
8462
615
6317
30934
4159
6400
2504
15006
1542
6100
44903
8334
7749
2798
12766
3979
1756
4688
-378
2366
1410
5621
-587
13889
5382
99
29596
5306
3188
18953
3987
-375
3131
6664
6413
31257
11036
11811
8177
10575
8556
9585
43038
3870
1937
1358
28793
3414
6100
103367
20424
8235
25592
7264
15700
8356
6254
357
3940
5774
2889
421
5728
799
373
24136
5934
-275
10521
26056
3124
2225
3023
3285
5427
4204
5319
-28
-1634
5071
7239
29498
8204
-4540
10362
697
5094
2533
1308
5992
1530
8597
9177
83
5075
23437
3109
4323
2718
3913
2949
17508
6057
-1114
9665
-2223
2366
-2127
-5897
1624
1669
20683
5556
3495
17892
5306
66
37355
10638
-4576
-2753
65863
5793
9102
4120
4302
241
919
12285
4191
6838
17595
2108
5346
3149
1272
4421
13810
2272
-1767
22387
3619
-67
4702
6035
4204
8253
3577
-127
2696
37037
11508
4099
8058
4128
3674
2833
3921
40511
4170
3820
80615
10511
3732
2141
15423
6447
-275
6497
6232
5707
4771
2323
1357
19901
2247
8411
-117
15981
2911
2800
12041
6017
12148
7041
9344
2451
271
106
211
-146
-798
-1297
14487
3959
6507
5071
7084
44439
8244
4652
9032
29889
7767
10610
1014
17829
2837
3712
21627
2306
5103
12681
5920
11650
94675
11245
44927
45233
48966
4649
15371
4564
5592
39887
41675
39652
9617
7936
44585
40206
47324
-443
10869
22924
1574
1921
4017
19
-354
9236
-162
3065
3139
14756
3613
4599
5027
14834
6210
2932
20882
5787
8698
3287
8449
9650
-1265
-1252
457
62802
7200
8535
18371
4570
-4415
-1415
344
680
7097
5132
8961
8640
4724
32109
6050
7401
1418
295
784
707
10714
10114
35339
8461
7596
17718
4678
12092
28376
2798
8334
10061
3979
8139
1756
4688
4038
3972
19220
6893
8346
-559
-504
13602
5664
17799
-2274
5642
16500
10481
1498
240
10158
-1123
5360
1529
3041
-6977
365
4761
2074
2612
23767
4693
4936
5770
1109
10305
3338
871
-172
6673
3030
11487
1817
32581
3956
6075
4346
6243
37753
13343
9148
16097
708
9197
2012
7041
-4576
519
-3691
4724
84969
6454
1417
19059
2382
5033
1386
5565
40862
2932
17799
3604
24498
6026
2925
12682
9282
5233
5917
7851
3453
1124
6618
10505
271
2451
8627
3533
-939
29476
5674
4400
64700
6995
3042
5528
6736
7018
-993
-435
137
9080
3211
2353
6076
2854
5062
5169
-1755
-2821
-2057
-4271
-2014
20801
11344
21906
8096
2212
-10412
-126
3668
1979
-1114
51051
5544
1299
223716
40054
44927
45233
55284
48966
29577
7863
49246
5592
39887
41675
39652
3604
27038
44585
40206
47324
10869
-3008
215
2408
82676
12651
9866
9025
17799
5929
12157
5981
7339
8162
2143
11572
16097
4724
42421
4984
-747
5321
4892
30821
2391
235
28584
2536
8120
37095
3534
2192
3382
2828
-1966
4789
5048
45085
4716
6450
4383
3073
944
4478
4045
51475
4315
-1000
9025
3013
3004
5929
2893
10362
6821
7377
4073
6780
21871
7113
4584
3541
41014
11678
10433
-375
12484
4693
10600
5203
4630
13514
12043
469
3424
5182
7035
2791
6664
6413
7350
7381
3376
602
3144
11408
4421
15563
5369
6234
3840
17157
235
9923
9923
538
7592
3559
-2650
8657
16329
4654
6336
9780
37083
16097
4262
14401
-232
4090
15633
4225
5592
10068
3016
2494
2510
12581
3993
3386
13343
2143
4434
10729
11221
12766
17369
6813
627
15252
5287
15540
4017
13981
4335
1634
2641
3772
2945
-3103
-2650
3559
8657
43604
3243
660
56244
6636
4507
1284
79546
14356
11012
17799
15252
31981
4542
4026
17825
3197
7851
19719
3447
6362
12402
2669
53681
12325
5973
10363
16512
151
-1613
7806
1420
6456
39789
7766
9312
3861
1536
4754
29573
10061
2798
4654
3979
19547
6650
6234
3984
2230
2525
714
1381
4360
69330
9765
5062
13755
5679
9025
5973
16048
2397
17799
8518
4847
8839
7068
13371
3055
651
43816
11386
57
-2300
-301
6598
6532
924
3840
5973
4521
34273
6287
3517
3343
26548
3568
4103
10775
7049
10323
3017
4746
-729
3048
91
4143
5992
9175
-551
6381
-4113
228
1869
16298
2667
2602
-2315
1299
1838
3087
6292
2813
7041
4038
2097
28739
1915
3469
20902
3366
7181
31845
4731
17799
7783
4161
2924
34001
6488
2985
6100
19287
-23
-755
23090
11293
12092
5099
41244
8272
5763
17799
6203
-9173
-101
5118
1225
50928
5233
6534
4833
6026
8889
625
-441
4434
11994
4090
7749
9282
11572
5520
9148
16097
708
9197
5787
4913
89979
8693
3823
1313
31612
6296
-232
3696
7012
3647
-1104
12808
-1575
1789
-54
70938
8889
6728
5233
9967
5776
744
2667
1272
35943
12641
1970
5445
7290
1190
33865
6951
990
42569
10316
12468
4298
261
305
1229
-10225
467
416
-870
-1539
4972
-2150
10465
-88
-1664
3511
5823
7945
34141
4335
7596
7741
3376
36374
3475
1214
10940
2461
1380
9461
3912
6202
2360
163
1744
-154
41949
10807
4135
3913
3405
3628
5493
4015
2949
38141
7071
4910
3469
8765
1811
3021
58
56
-2127
79110
4331
5514
9102
4177
5419
-1065
-2565
436
6654
4040
751
-65
29775
4019
8745
29204
2551
3526
6962
3076
-36
32991
4978
6100
57120
5691
-1718
7254
-6734
-568
1306
-422
25441
842
5392
4432
21669
7414
9098
-11611
-762
3846
-798
3724
6576
37180
12576
11643
3472
171
28302
5651
2224
38445
8477
-884
6100
6400
2118
6507
3338
865
46237
448
-1118
18036
4128
4099
4569
5203
11508
3674
2833
-2210
-798
-146
211
-762
651
-1297
21807
12306
2443
2379
33320
12707
-275
6124
6497
10768
220652
39652
44927
45233
55284
48966
29577
49246
41675
11245
40054
3604
44585
40206
1433
47324
10869
63129
6300
1191
3643
4686
22162
3772
5680
5658
8991
5504
19361
3338
2118
865
27528
4608
-328
4791
4651
2499
9417
1869
228
5119
6287
462
5000
41734
2612
606
37082
8123
6522
598
-751
3512
2533
5091
1308
1950
2630
8597
2858
-6376
2357
6695
21168
7380
1498
4498
43327
4728
4507
-160
5849
1284
5830
9991
-3736
307
3348
-2251
446
829
29749
3013
6396
1547
16048
17799
4315
9332
3376
5084
69893
5974
13455
3840
3277
8839
7181
89390
6830
5694
462
5790
27674
5800
2095
22503
-931
-285
-1285
14335
2280
3475
8384
-5771
2799
6077
688
60029
11214
14401
3591
779
3604
14354
-420
8663
30568
4789
9961
20376
-747
4725
4984
0
0
19626
6478
6317
1231
34714
4238
6075
-16655
860
10208
295
5664
6534
1775
12682
20139
7945
-88
5733
7472
1473
6632
6605
42022
2921
2643
4346
1784
15633
15540
20333
1192
2905
14095
1682
9346
25325
-944
9961
55672
5321
4984
24410
1282
-394
48631
14528
2441
1089
2821
-923
2404
1331
777
2321
1623
2433
4754
39506
6004
10560
-6482
852
-1834
-270
12375
535
7354
4841
5502
4045
3073
48233
8742
6100
22848
6122
-64
14990
5930
9797
3495
27096
3625
8402
20531
1094
623
4841
4398
33809
8235
1649
5293
1994
5588
12150
3376
1422
32361
10729
4262
14401
6507
12581
16097
9723
15252
7851
625
44296
5392
9923
9923
842
4432
103656
9858
6826
627
2121
48365
4256
3902
1770
5576
5075
83
3412
17
3031
6123
8505
20
1361
4288
25815
4182
722
2657
2721
2354
17196
4745
3038
5203
6177
5953
3921
28508
-28
1544
-354
24548
4392
2350
1979
-1114
48153
5182
11678
6655
64740
4313
9102
4186
3573
241
3708
18208
6765
12282
2149
865
2118
3338
24610
3161
8658
14313
2959
988
760
1507
6813
39449
6655
5182
7101
38941
5794
2698
3741
5133
878
27274
3069
-1118
3503
4701
-3429
3329
573
-1020
55
9346
41494
2177
8088
7949
38108
5059
2413
3015
30473
7624
4650
16651
2171
4151
-1406
-307
-335
52372
6353
3902
24422
3578
4997
27376
2107
184
42128
6181
1919
8698
4291
39740
5337
2972
-5808
240
2004
18725
214
2850
1238
3850
6583
1861
11221
32873
-748
15371
44399
3280
4630
-1544
5626
-2386
6230
5088
6981
29141
6975
6981
-3608
762
7112
3596
28720
7658
10469
4584
7401
3541
46554
3015
2949
38345
8042
9346
27316
4103
5907
3568
38797
10715
11352
19484
28322
2924
7530
33751
2785
4211
6565
3055
9307
2399
42065
2140
-1630
2244
2611
2399
22949
5944
6213
7289
6336
18308
6981
9275
5267
5088
6179
13162
1039
289
47217
2623
9694
5633
-1965
32689
3144
10473
9864
13346
10229
4248
3547
1407
60021
7392
3306
18220
2655
1027
41226
7035
5071
11678
79494
16609
6952
4764
5419
4355
-12600
-2497
-2900
23468
6017
3510
22724
11221
6539
7966
1861
16097
3850
7966
87134
4186
-646
9102
2543
5000
13173
4313
-3424
2711
3708
1540
2188
-4359
-1065
5788
11245
-385
1806
-1527
8928
55746
17630
8556
36611
7774
7172
779
-420
28649
2791
11678
19521
8164
294
19381
1691
4688
7035
857
9910
-833
71
4489
1066
1039
6366
12328
263
6016
13977
3484
3277
9185
4521
29483
4263
3586
3600
-12180
-1000
-2829
-2794
25812
11587
17799
25006
3307
3856
3647
2495
1727
366
38839
4135
1677
5103
6133
4019
10807
4649
6974
5029
918
2041
7833
9148
6157
29792
4307
5191
14781
3097
2250
49
2635
10144
3548
2822
1698
36546
4074
9504
6450
-12095
-1123
-286
2807
2510
10481
55093
5537
7580
45003
4306
1158
7204
3479
10850
1929
1595
2038
51259
4828
6675
4973
5994
11388
10223
1457
17154
439
1272
21423
7715
9152
57578
4471
5041
10440
-557
1352
37965
12976
10208
1649
1994
6534
7749
2389
540
12581
9300
1422
37987
3719
8535
-171
37162
25
4725
-1859
35236
5166
3849
34437
6786
4874
16528
1568
4700
10116
1229
5191
19916
3161
8745
13120
4844
17263
16651
-8760
-976
-5079
-3674
35187
13753
4482
47447
-482
1206
462
20080
6780
2130
3092
3883
4073
6243
29680
2095
5203
6451
1611
5800
1561
12144
-3704
-125
9482
335
5641
407
-7040
7064
8683
5894
54511
3049
-5813
-2352
4410
3743
19171
5119
1455
1869
22487
4601
4400
7607
3389
15401
8640
37466
10519
-443
40519
8658
3161
-3369
871
4936
1109
4693
27063
12766
-4540
7379
7749
10068
2494
11572
3993
8334
16097
708
6412
8139
-1104
584
5787
-624
5469
-1613
151
27531
4724
3641
-302
2143
-423
11453
1457
37331
10988
4143
4609
10293
26730
6179
9098
7601
1231
8535
2494
1507
6981
6413
7875
6412
33558
5019
713
26784
10714
295
19324
8556
844
17630
15726
6090
-1168
11806
25997
7812
11581
3764
-989
9083
7642
-817
7020
8683
5894
6947
807
1494
-297
15533
8570
4701
6077
5088
19044
3573
4313
3708
624
-1183
58974
14643
3508
12144
24872
2477
3350
36227
429
3862
27571
13523
15401
2494
14956
21748
6031
4107
1529
11118
9581
5872
44268
4523
5940
-7924
1530
1467
439
5091
1308
1950
12179
8507
4769
10440
-466
2782
5094
-1160
146
5650
8597
4045
2858
4713
4473
3139
-9050
3772
2641
3114
57
11386
35289
2875
4612
13216
9122
8489
31736
9674
21748
11118
7887
6326
8507
8597
3607
-1120
-3424
1506
-1020
514
4186
-4576
31
25453
2687
516
-1528
18495
3148
3963
34645
2841
4019
5612
43056
4973
707
-1718
4828
4839
5041
2467
18122
5943
130
6579
2318
1399
5772
50768
7863
10869
1187
1895
1094
824
36668
3499
7596
8807
65155
3696
2459
27216
6654
436
59082
7239
5071
1125
5197
-1634
1988
19381
-19
10102
7064
10336
7564
2821
3571
60500
9723
3284
2396
4225
10729
11854
15313
10318
14950
4824
47682
4585
7323
36622
6115
4014
19791
2047
6100
4630
7741
12073
10256
844
27660
4654
10061
3979
29371
1617
2927
4764
799
2465
2889
24416
3290
4400
71349
10005
1082
2491
31504
7584
4175
12333
1963
18281
4503
4885
31667
2927
6520
8217
5055
3860
61232
9876
9504
3964
4649
12144
15758
9152
5081
6394
8215
7715
5072
8555
4498
1909
-930
38228
5020
-579
23109
3034
878
5844
1662
4355
13588
8657
3559
-2650
38576
7488
7936
4649
38054
15078
6507
13455
8839
7791
-7668
291
5670
10877
4973
11687
3596
27681
3604
12743
1380
12972
3284
45233
9175
600
48966
29577
2823
4564
5592
39887
4024
41675
3008
3410
11224
2932
40054
39652
11214
5635
3008
6203
600
44585
40206
13853
10982
9322
8961
2102
1498
2909
10158
4236
7097
4167
3255
53079
7438
2868
52323
11545
1294
22001
7093
6995
7437
5405
11268
-64
11581
8836
36927
6824
6667
1786
12840
2751
37148
4875
6497
66
116
4098
29972
3403
5666
18186
6083
10607
20801
38205
3510
6017
-5582
-435
6331
21100
6413
6179
17369
6446
2262
11035
1030
2380
39641
9332
6396
3013
54200
5849
4728
26977
5554
8512
5778
35525
5064
7514
924
11665
-1607
5290
6627
24138
1306
3101
-6797
6177
3038
4745
80960
17369
5071
2510
16097
6413
9300
4335
2262
13122
6989
6234
43953
7394
7873
6100
4630
6896
5678
2602
9991
26029
4053
1791
23069
4639
17207
39623
11441
6560
6487
2333
22950
7290
7641
8933
5654
7088
12641
-191
8328
1549
503
7546
3668
5514
15701
-423
-1679
4724
3122
14082
4417
6062
-2021
5048
4789
12324
5375
1187
25046
2540
3963
-2904
963
922
2107
-733
3186
2070
4369
14967
573
-443
-1859
1089
2441
2822
6218
13345
14528
-2648
-434
-923
8583
12345
4025
2160
45095
3205
2116
2426
20755
2121
-1590
33854
4865
2333
11709
7875
6179
11382
5872
45441
13115
-117
7401
2961
454
2683
-3237
708
12581
13343
4434
12766
584
5787
3757
45729
2293
3553
4633
3553
-9258
1361
3099
4765
-1666
20
35698
5419
2438
5006
437
3469
4907
4094
4331
16609
563
4291
5410
24138
1602
1514
29383
8901
-2593
60684
11854
9723
9288
27134
3035
7379
3972
10481
5856
600
420
3277
23849
4359
4531
41948
5622
6133
5692
6974
7968
2813
1299
5603
23594
3240
2518
29369
5472
600
20546
1776
1854
5464
4331
4776
24993
4839
5860
4973
3072
5994
32942
6314
2618
-9204
-1951
2180
-982
17195
3008
3500
66983
7371
6250
7371
28339
2997
3732
2141
26643
991
7544
6379
50279
2811
3479
6822
1231
8285
6478
672
2059
-1461
695
10727
6232
5752
6447
-5055
-922
-1145
47930
13212
7401
2952
1788
1352
-557
24191
5879
-673
6450
-172
5770
86
4693
9745
37417
8518
12743
2173
2823
13139
17799
9765
15313
14903
22087
4803
7266
-923
8583
129252
15313
12743
11952
13139
5679
16048
9345
17799
8518
10151
7068
30552
10710
7863
56357
9873
12484
10600
11408
-6004
694
1215
4298
-781
2785
0
46816
8167
4693
4742
3144
12161
1610
3015
23818
4355
16609
40885
10116
1568
5191
3708
-2274
5664
-504
5642
47234
9961
7663
4789
-944
2525
39292
-898
7286
17642
6366
8669
71
16651
2696
-127
-2251
1306
-568
-422
-244
371
1734
-5314
5644
4936
4759
3596
-270
28863
10607
6845
6083
6673
6602
12549
1347
3183
57831
4605
5514
5201
-185
5198
7036
1242
11453
440
1921
6549
30689
3648
17799
10626
-9922
-1160
1530
9581
12099
6039
1410
31005
2504
4159
8023
5992
17714
5415
-37
28726
4107
-2267
13523
5733
31655
756
5062
16048
17799
45713
3569
2897
469
4174
42332
8698
5787
6181
-10258
-745
199
2891
7451
7134
9282
42872
3382
5676
3534
2828
27160
2268
7596
9774
6275
24457
4188
722
2657
2721
12646
5207
1656
10965
-191
5654
7290
1315
33
16475
2495
6317
125
3641
9204
4014
3307
1727
11453
2050
48127
2727
17799
6203
25943
2703
416
3383
41548
5678
6100
4630
13514
7394
4471
7381
38571
241
9102
2244
5694
5793
4313
3708
1963
919
6381
5790
9837
2270
2350
30072
4355
1662
9393
3118
16273
21695
235
2391
82283
5176
5595
13841
7758
1649
10068
5936
12641
2723
-2127
-4165
745
3716
18369
6379
10469
991
9799
857
1691
29946
4457
290
8563
1864
2146
49649
8807
11650
8933
3499
4650
5920
3596
-3098
335
1576
-125
18560
4556
5106
-270
44934
8796
6240
11594
66227
8951
10603
35496
3712
13604
6553
4710
6956
37006
13319
0
8050
321
125
-2055
24391
9288
356
6534
7033
11854
12150
50685
1567
2448
13070
13162
6981
53037
16651
7487
4844
10459
9848
6230
1001
-297
1494
38550
1263
878
1494
22220
1307
7204
6664
6413
13502
926
775
37721
10422
3237
5337
5592
1811
4913
4556
8663
10737
10869
14885
3633
651
30933
6426
7032
3417
38211
5011
6100
4228
2247
2235
7623
1039
6981
34945
8983
10102
29095
2829
2498
1713
28786
8137
10102
11765
26376
11594
8796
10249
420
5856
600
-14995
-722
91
1492
1871
2685
8476
13790
9197
3538
9282
5801
12581
13343
4434
-5420
-1042
-1691
29328
5658
10547
1611
3772
18765
1727
6317
4014
3307
2495
2050
-5305
651
-146
-798
-1297
54278
6703
17799
7068
11311
27704
5169
4073
3212
17799
2854
32079
2441
846
16111
7276
4090
10533
2643
10354
9204
11453
65359
5717
3214
15252
777
2397
1331
2321
27538
366
-2527
3307
-1104
8580
1762
3425
20188
7228
4165
1898
33990
3653
569
-6070
-1963
1546
5718
4019
2841
331
52798
5126
924
7451
4488
11323
44229
9210
4551
2408
5641
6284
8640
44062
4854
6162
8668
3376
1294
16339
1473
944
4478
34211
5000
6100
1677
2337
29237
4581
5601
-8834
285
2850
5862
-6170
-5646
-2829
-2794
30421
3048
242
-1267
330
17799
71514
5417
5081
6022
5574
-8128
868
-286
1547
60685
11918
13618
965
4490
1407
4248
37133
10393
1098
13945
3213
1946
19995
6237
2914
10176
2012
12581
13343
519
-12690
-1611
10158
28454
6612
1851
43104
5703
7138
22824
5493
2094
3642
2827
2682
10440
41108
7720
4633
8384
2715
13346
47257
7278
4693
-136
4059
12762
660
2138
3243
3865
13098
3942
-1831
40924
7425
680
32104
5616
10704
815
29343
10853
3071
15926
6838
26449
3585
2667
4053
34228
4633
3553
2293
3553
16027
7025
7851
26522
3600
2607
5343
4263
413
11111
2697
1773
4416
1054
410
38195
3782
44927
45233
48966
4649
4564
5592
39887
41675
7936
44585
40206
47324
56432
8940
1903
20514
2354
4182
31442
4681
1082
1713
-2194
146
1530
8597
21479
2380
1030
-1697
-1461
2059
8707
919
6332
38322
7401
17011
900
28
12927
-117
10201
-80
6050
7658
13115
13212
11094
11616
6243
12402
940
33849
10158
8120
15513
-2021
3722
4895
409
-611
-837
32734
9577
7854
4998
7871
4066
2985
6100
33256
2711
4186
2188
63241
7774
13755
11878
2173
17799
10985
72150
9617
-2295
7863
15371
11245
27558
3979
8334
2798
10061
4654
17125
1756
24144
9864
7356
3144
31255
4415
6476
2396
7396
5132
10151
3561
713
64618
4290
1193
-632
6157
6031
9148
-3210
3207
3541
40830
4471
5156
-2211
4648
4630
469
5678
2591
-491
8992
4668
4059
14759
5766
4035
36930
3171
1743
19661
7339
5981
-6789
212
1088
17430
5092
7580
32215
11453
10208
5664
5071
6534
14373
5592
7095
4724
2495
2643
12150
9892
4480
11381
64123
10603
8951
11770
4730
4754
58957
12382
1659
23568
7966
11221
4913
-1961
169
-455
17016
3055
4312
2785
3416
29345
2507
7518
44930
7936
5633
11245
3782
1433
3099
6412
7749
12766
6179
40683
5132
7396
4415
7181
29624
4035
5766
3849
25029
6362
3447
2501
-3210
-335
-1118
-307
-1539
-2054
-2150
39975
6875
5675
10473
3514
34321
3004
1020
4315
39536
5692
3731
6133
5622
6974
8639
1564
1902
3153
-390
6259
3302
2425
37116
8991
5680
3568
3772
30711
7302
1640
63303
12150
295
3041
5551
6534
9204
5588
8235
9288
11453
4480
625
222
57005
9613
-375
5274
3672
-7296
1689
2484
6218
2821
28690
3913
4323
2718
3109
10807
4649
63466
8745
4019
3161
47990
3708
9102
4313
4186
3573
241
196
867
-161
3980
6813
6978
9148
16097
1507
8148
7105
24980
2898
4898
21441
5635
5337
5592
7966
1020
3410
3604
1756
4913
-458
7767
1963
3041
27942
7084
10613
15806
2350
9797
6719
3004
3959
3495
2531
7932
2235
2247
79222
14354
3284
16048
17799
11214
7851
7068
914
7253
30098
2413
5059
-6094
-817
11535
-989
25000
7020
3188
-989
5215
39165
3008
4564
5592
3410
17799
3604
10737
22554
1046
1765
10756
1780
3814
14107
6562
-3715
1979
-1114
2180
18622
1639
2459
34417
6358
1261
5287
40816
6779
7356
22227
7360
745
32775
2624
4222
32119
5733
4879
7945
57984
10492
17799
7181
39188
6664
5138
5823
3424
3987
11678
1307
31592
5525
3617
22382
4847
2823
9765
-4382
1042
2353
51112
5421
6100
5675
11412
1098
10393
-1104
40924
3902
6353
1214
16338
3871
4832
5474
7492
2467
33288
3376
3013
8235
41973
6013
6241
4073
4381
5062
924
17799
3673
32217
3373
7254
5466
12546
7229
8597
30595
2496
924
17799
1433
10737
10869
30325
4973
6100
47204
7323
4123
2883
2897
2316
4001
4585
10113
5493
10854
4321
110
29828
2460
3526
33691
4854
3215
1214
26274
4838
2683
13612
3277
6598
6532
15633
13455
3840
5974
3484
5856
15540
738
1112
-930
1909
31283
3343
6133
6287
9187
-587
1410
2366
43511
15931
9700
18603
3674
13577
4569
5203
11508
4128
2833
3921
1672
2379
12306
260
4204
2560
6035
8253
5292
-755
-23
22577
7266
4803
30475
6878
5214
55349
8668
2540
4854
1294
1873
4414
-1415
6109
-3844
3117
15371
-443
42983
10113
7323
6450
12144
-296
3744
1169
22904
3062
14903
85381
10151
12743
11952
10614
2823
5679
15313
4415
10737
-2426
1561
2095
8055
8881
17011
6014
20383
2353
3211
1042
23444
5306
6278
7204
992
233
13901
1591
4689
-3894
2499
1734
28554
6570
10105
4799
15342
6561
10985
11439
1811
6521
1677
532
3281
5712
19349
5917
3109
6026
8912
5139
5071
6859
49141
4753
3426
6024
6450
415
6014
17011
8881
11075
13935
3266
41075
5642
295
5664
5071
6534
-504
-2274
24696
1720
6490
7282
31782
4033
6975
16891
1988
1125
7239
27373
3183
1347
-3874
470
8371
31578
2702
1639
1206
31014
-2894
-5813
2465
36942
8120
2536
10158
7065
4890
5968
5904
21810
9235
3152
9324
11263
16134
34657
3526
3506
56619
17125
936
344
3979
1756
3972
7854
2602
7596
2667
7394
1457
30730
5971
7596
4911
16136
1581
7596
416
-870
2821
4972
7648
38395
4660
7596
6507
48900
7741
7596
5741
3357
-1144
3672
2706
4335
2047
5940
413
5452
-1926
1419
3089
11116
1920
5653
50271
4841
623
535
1094
22984
2457
8411
-117
15981
2911
2800
12041
13299
2911
12927
2247
2457
3208
2800
8411
1595
2247
2457
17004
3541
4584
5456
7113
7658
3665
16747
12915
10354
4038
20679
4825
6273
6448
-3274
1963
4175
7584
37900
5408
2518
5256
-1965
-3251
2623
-10684
-1923
919
-3251
-4271
-2440
1488
0
26513
9225
10158
17137
7041
7134
9282
12581
12148
13343
1299
5787
2250
2833
11508
4128
3674
23614
4774
9324
31863
9324
9235
4774
5611
43975
6413
5138
5823
3424
3987
11678
1307
16368
6025
5492
2647
986
4447
6103
-6078
-264
2821
-2648
30307
2821
-1979
5046
4428
1946
3846
14528
7564
1689
1581
-264
3046
-923
3571
-14312
-2648
-1979
1089
-264
25845
5968
15806
4890
15463
15062
15463
10543
5968
8647
8928
26194
-1859
1206
-3000
4725
25
7195
3049
7782
36786
8384
4633
5319
2280
7720
4650
563
45889
4650
7624
8807
8384
26710
563
5419
8384
2019
49
3086
3596
5531
3097
2635
4483
4586
6489
2635
2250
3097
49
27823
8836
11268
-7040
5405
7064
25932
7064
11268
-64
407
-19
8836
5215
21826
6666
6285
385
13314
7166
0
-3990
1190
1970
5654
5445
-1527
7088
12641
8328
7075
8328
5654
7290
1190
-7225
1899
2932
5504
2932
4599
6210
3613
1899
25696
8683
407
-989
5894
26821
5894
3188
407
-989
8683
6947
8724
46182
8139
7749
2798
12766
1756
4688
6559
1756
3087
6539
779
8334
2798
3979
5635
17125
8139
-420
4038
3972
36912
4688
3087
8334
2798
8139
4038
9641
3495
7333
5556
5930
7084
655
11161
2531
7333
7084
-3736
352
-2555
-1346
84949
5249
5514
3636
4302
5694
5790
1313
46332
3908
4898
5694
4689
3428
5790
2426
41175
462
2230
5694
6830
-482
5790
5595
7874
171
-117
11643
10201
3472
12576
6032
2150
13739
6032
1510
171
7205
2150
11643
3472
171
5315
14988
5215
5654
7020
7064
1549
-1632
5646
22429
1549
7290
5215
-10595
-1632
5215
23814
5646
5337
5863
1970
5445
-1527
5215
20516
1268
8235
30442
9185
14696
4050
3484
22796
1315
1506
-191
-12659
2074
4761
365
2612
2109
2612
2053
8756
365
2074
5831
4167
5231
875
2662
4314
-3086
-9193
-3086
1357
875
62597
5940
4523
7741
-2619
607
-226
-1644
665
4262
7110
2003
473
-8960
2003
665
-1475
5360
10481
14993
12230
10613
10767
11592
16614
11592
3846
12230
5830
2321
1331
777
41160
4614
3156
6100
28447
6862
10685
24898
10685
2825
6862
32247
9825
-885
2281
-885
9825
7580
50163
6203
-738
4649
1915
6400
17799
8272
3604
2727
2471
600
27759
2471
6203
23732
600
3591
3284
16048
2510
11224
17799
3604
5472
420
6203
10737
10869
12536
-1104
5361
3016
6296
12766
366
1098
12402
13394
1272
5860
3149
3424
2108
744
439
2497
9314
1457
3856
86
10223
4724
2602
12805
5067
7782
5831
2053
2612
44123
8156
-1017
20533
8839
6598
6532
13755
15633
13455
2823
9765
5974
15078
15540
4724
11943
7791
6598
2820
6532
15633
13455
15078
15540
62335
9910
4688
7035
1749
1691
0
0
6666
13299
2683
454
4838
10963
5574
-267
5167
2952
13212
27146
3553
6133
4680
1550
3793
33869
4936
-1440
1039
45817
11094
12927
7401
18219
13058
15700
16281
8356
3074
4045
160023
27038
44927
48966
40054
12712
225250
44585
44927
55284
29577
49246
5337
11245
40054
39652
3604
3782
4306
12712
100241
15787
44927
4649
12712
47324
204868
40206
44927
29577
5337
11245
40054
39652
3604
3782
4306
12712
6710
1364
476
15209
-4576
-2253
12581
10638
13343
-3424
-2753
-2932
519
289
3506
12581
13343
2012
11106
-3691
-2237
8106
9282
12581
13343
5787
-443
26303
5178
3553
3553
14850
3553
3553
2293
4633
5178
1344
18438
1344
3553
3553
9307
-3850
584
14696
12766
708
3757
2460
5787
1811
2494
5801
9148
4434
12766
708
7041
-3691
-377
6159
-624
-5079
12766
16552
627
4090
16097
9858
2121
33969
6103
986
42933
6947
-989
5894
2510
-67
3619
6112
2630
2533
5091
3512
23889
3665
10469
2631
9306
10962
4584
3092
3541
-746
36020
4913
7966
17799
4434
10422
7966
5635
9300
4556
1812
2069
26933
10459
17263
16651
14087
2789
1460
16325
6294
8726
6309
47759
11616
12927
7401
41261
7350
5246
4630
11678
-174
-4738
-174
7350
13116
374
7641
1970
5445
-1527
8426
-2121
-420
1659
-1552
4216
11214
7774
1756
15313
4038
101605
15313
2396
16048
779
17799
9723
-420
10318
14950
-6337
979
3248
-1491
-270
24638
4609
10988
52498
4649
6100
4135
9876
7488
3913
3405
3628
5493
4015
2949
30145
3405
10807
4649
55013
3628
10807
4649
33118
5493
10807
7323
4649
6450
33928
4015
10807
4649
30187
2949
4323
1995
3109
10807
4649
35845
1386
2382
2465
-6151
278
107
8138
3487
15806
5197
12402
2669
603
2754
4173
3200
4173
2754
26441
9346
37
858
7543
1682
573
8042
2034
7580
1346
8673
2034
9346
40403
7580
5537
-885
9346
-1180
3556
1346
9346
27640
6673
6845
4693
10607
6602
27973
3046
2441
1946
2821
34624
4755
5860
2446
4917
14825
-37
5415
19527
3724
6715
1765
-762
-3375
-272
1970
5445
11496
1417
6454
15390
5707
5752
6447
9738
30501
9738
5707
33316
9219
0
35110
6706
4507
1284
24854
1284
6636
4728
6706
5830
9991
7181
26823
2525
9923
9923
2230
9961
37317
5929
3131
5062
5679
9025
5973
16048
17799
12651
4315
7068
10737
10869
32189
4053
2667
3585
18543
5682
-146
6743
-1514
-1297
2474
8640
4451
7097
3389
5641
4724
-1251
503
5863
7290
12152
2481
2366
6369
43586
6369
4649
2366
2481
1433
12712
53866
9469
1743
-1706
946
5288
1744
2510
32645
9125
1431
22857
1921
-240
1574
-354
42452
7254
5860
5691
3373
8913
2823
9923
10208
9923
11112
9300
0
49092
9300
10208
924
12976
17369
4913
2823
0
0
2823
47438
4306
55284
49246
12527
17799
44585
40206
8882
3113
2786
34847
2786
5514
1320
3113
6381
2399
7171
31
-3424
33744
9461
3004
1398
12402
1978
2501
49995
5471
5888
6450
12144
35566
2586
3396
24460
2158
-837
6321
3396
3194
326
4195
2568
5427
1066
3921
4990
1963
680
241
14453
2914
6237
3042
303
55
829
-1065
111
116
4658
6813
733
1868
9658
2530
1868
17668
5862
6292
285
-2938
4038
1659
2617
779
2798
1299
12915
1756
4688
-420
9892
26386
9892
6507
4740
-712
5071
2389
11453
4038
8193
2729
3693
26524
8288
11535
22700
6243
6780
7401
9745
17564
9709
9733
9745
17011
16368
8889
-172
6243
37326
17564
17011
6243
52977
5418
4094
13173
22344
4129
1539
526
12997
526
6423
3059
4129
6243
51751
9199
2868
4489
2337
25320
6077
2799
8570
8600
15367
8600
4701
6077
5088
17921
5198
-185
33804
4480
6507
-1405
5551
5071
1765
5038
14373
11453
12150
5473
2498
5359
-355
8193
6507
7749
12581
9892
22879
9784
2765
27498
5864
5973
11624
39010
11624
5864
31890
3416
6565
3055
2399
4957
627
9866
-8832
-2386
5626
14166
1422
1649
540
6210
8235
12976
625
51883
8371
2431
10560
470
8163
1786
2431
3337
924
-17438
-3674
-5079
-976
37159
4249
3958
3968
4449
25132
3849
2231
4035
17323
9746
5265
17454
4167
8961
2612
1820
3065
3255
8961
7413
9580
7775
5683
-10067
851
7775
5876
28193
5611
9324
6553
30163
5072
9738
9152
-6064
-755
9738
64351
4689
1591
3908
2426
41264
5084
3013
20107
1229
3391
305
261
1568
2682
2152
6400
44274
7948
5431
3122
10953
4600
11994
589
413
3586
3600
7741
79104
5574
5417
3428
36323
3428
3908
5574
2426
49487
2491
10005
1053
48367
1053
9102
4312
2491
6164
41574
10114
707
295
0
0
1595
-7434
-1539
416
-870
467
-335
-2054
-9967
-2054
-335
-1539
-2150
17737
4915
3212
41024
4906
5138
2239
26501
-2753
5718
10638
-4576
-1285
-8283
-1297
-1514
211
-798
651
5682
42467
5197
3526
5187
6524
410
1562
1054
2448
62199
7381
4630
13514
11678
5678
17843
4556
3591
11863
3877
4094
5592
1047
10422
4913
7782
15495
2121
4090
3386
9858
627
23235
7580
5092
22978
4425
514
34740
4839
514
416
-1145
-922
0
1311
7846
4672
386
45915
5869
13873
9797
5260
3054
5249
7152
6743
-5462
-117
33
3511
-704
728
-1763
-704
5480
-117
1758
728
5480
-117
40386
5302
33
69
8106
37059
6974
1677
5103
4286
3308
4135
5622
5692
41170
6164
437
2192
4312
2271
1053
-5356
-4231
-2057
-2258
-4271
-2055
-3094
20801
11344
-10978
-3094
-2057
-4271
-2055
-4231
20801
11344
9091
4482
13753
48435
3404
9797
2669
-2299
1529
421
5683
10481
13523
32794
3632
4073
6539
924
6039
16048
17799
7068
10985
31248
6576
1765
-762
940
9829
8023
2504
11784
4972
416
-870
467
1581
25841
6695
6400
1492
2357
1221
31071
2187
15399
12982
4514
264
-384
5936
7749
7758
-4861
-48
298
23270
11382
1231
1507
7875
-4599
955
4286
-722
21703
1433
45233
48966
29577
7863
5592
41675
39652
7936
2496
6369
12712
2729
4009
39689
12712
44927
45233
-1123
48966
29577
4649
14168
39887
27038
44585
15787
40206
6369
1433
4376
27057
2729
6507
9892
1433
4080
4009
1433
2667
37371
2230
6076
5384
3568
43854
6149
7936
41180
3823
3598
1770
8693
4225
-15618
-2150
-870
467
-335
-2054
45777
14797
1337
12927
15981
38167
3929
4652
3284
32433
6302
2706
73812
19235
12043
4278
38011
4278
19235
19235
30115
7269
4090
7725
4661
43752
7725
7269
30864
4661
4204
3308
7269
-11417
-2440
125
-1923
1488
-7384
1488
-1923
-2440
0
231
1251
1838
3109
30304
8566
7152
-5937
4715
8691
17822
8691
4701
4715
38806
1556
9782
-1630
9102
2244
33333
6853
3188
48931
15252
11572
16097
14356
10729
35395
7851
6728
1813
3596
-1405
6534
924
2510
17799
6026
3197
10729
7025
14354
7068
4216
17699
5182
-780
-4001
-780
5770
5182
40461
4376
10388
6598
6532
12712
14950
4429
4521
6598
6532
3840
4024
5973
744
-301
3484
7458
28787
4654
1803
624
12434
624
1803
3573
4654
37625
13522
3071
13219
598
6522
8123
36175
3376
2540
11678
4335
4854
1294
3214
37542
5287
14401
13755
11863
5592
16097
6358
10318
14950
14903
12358
625
14401
1649
2925
7749
14373
5592
540
5233
10729
12150
1422
31066
5223
8235
12154
22667
5603
2813
1799
-729
602
13577
11678
237662
47324
45233
29577
41675
11245
40054
39652
3782
15787
655
52576
15540
1934
3714
1159
744
16097
1784
3277
8839
7791
-27
2156
5618
-2626
-27
1934
3714
15633
15540
9425
2156
15633
15540
5618
17877
5618
15633
15540
2156
64364
6553
1561
7204
5611
-4816
-1705
-2211
-1974
125
-4271
-2014
-491
-7529
-443
-5079
2427
-1831
8858
222
5293
12271
5588
12150
35983
6450
2718
8356
2868
5888
4663
-1144
10473
4716
4074
10113
4753
5493
5471
2337
4668
8230
-680
1348
240
5480
25887
11118
2494
13523
9674
64198
10318
2396
16048
17799
9723
15313
5287
14950
80689
14950
2396
924
16048
17799
9723
15313
4376
5287
10318
69448
14903
12972
17799
8518
3062
5287
1187
10985
38232
8724
2058
5894
19516
1669
1624
1178
5218
-746
2924
3665
14873
-443
7403
-2237
-1050
15371
1177
11245
10519
573
-3844
-3691
48627
7994
9312
27474
4403
9504
3358
-3671
-8257
-2900
-10879
-3429
-2900
4701
34976
3177
3722
4895
7842
36945
5920
8807
25634
3596
8807
35817
3906
924
17799
30689
3648
924
17799
10626
32305
7782
924
4556
914
423
-1528
924
2687
31586
4488
5062
924
3877
4094
1047
5126
4760
30348
7180
3973
17799
2481
49072
4225
1770
3823
46180
5830
4507
4728
1284
1534
9991
5452
24916
1534
5830
46737
9991
4507
4728
7394
1284
5830
37502
5452
9504
6952
7741
5830
2376
10029
1923
3856
6598
8148
6978
9148
6813
20018
7105
3284
6813
-4456
-1800
-2127
19017
15726
8556
36086
5786
4573
1538
6285
50262
4017
11572
1544
1574
16097
54497
13981
11863
5679
11572
17799
16097
4335
0
0
-1923
27892
4973
6896
5081
39307
11274
3092
25784
-993
416
21487
416
2703
-993
792
17389
8426
7641
374
38589
4479
2208
20572
2208
4479
19758
3533
2408
4317
2408
3031
215
3533
38779
5886
6133
9576
641
2773
7780
2639
3541
-118
-78
-118
2639
17503
4969
17263
2822
13617
2822
4969
33902
5904
4890
23985
6912
2922
9734
2212
8096
13593
2623
-1581
12865
-1899
5650
1530
8597
2340
8597
2533
5091
1308
1950
4769
5992
3074
5094
3512
1530
6326
146
5650
2858
4713
3766
3607
2315
4045
8356
9345
1530
13058
6285
2858
2533
1308
1950
3512
1530
8597
4713
3766
14335
4713
2533
1308
1950
1530
8597
2858
3766
89
4473
1530
-1303
3139
3065
-162
1530
-5133
4765
109
1247
9973
9581
13523
-1160
-67
5872
15401
1231
21748
1507
13523
7875
-1832
51
756
6031
41733
3072
707
4839
2467
39003
5555
3719
3920
13712
3920
8022
5555
13956
4712
944
37596
3642
5493
18376
5473
5633
6534
4480
5359
22999
2498
5633
6534
4480
32774
5359
5633
4480
5473
27379
3144
5203
11678
8167
27333
9848
1961
9381
16651
9480
37304
9480
9848
57881
3799
82
32890
4722
4449
2828
16860
2828
6491
2116
3534
3382
4722
17553
6664
9282
52922
4410
5731
8235
7395
-171
3049
3373
47155
3373
5860
-171
4410
8364
63448
5994
4828
4839
2467
63592
919
9102
2543
5793
241
6381
42662
6381
9102
-551
241
2786
919
44528
5155
9774
-1144
13604
7259
14296
1367
1854
45985
16273
11012
3266
1898
3118
-26
23095
9028
4080
15960
4080
3913
7088
9028
42933
7648
2131
3840
1581
2591
2285
36075
2591
4471
7648
34554
2285
7648
1953
1088
212
20688
3445
1561
17246
1561
3445
-2238
5953
5203
6591
4745
29841
3479
4306
2811
46259
-209
4115
2455
24751
2455
-209
6231
1417
6313
707
31288
6285
4573
5786
14257
5088
8570
8600
59443
11576
4606
9504
15832
301
3862
15621
2606
6956
403
1360
6956
10151
3599
1769
2282
613
-1017
3359
914
5023
16808
6446
6413
2272
1593
1240
17570
1709
2855
4873
24328
2855
5408
1709
1838
29523
4873
3023
1709
37684
6787
3501
30309
3501
4692
6787
10919
19
1574
2205
-354
2705
874
1574
-28
1921
33242
-748
15371
28540
4468
15371
8805
3030
1109
4693
38294
11487
5103
1109
4693
30628
3101
2507
5565
30714
2507
-240
3101
4299
5565
52303
8663
5592
1811
3833
11214
10422
10737
10869
8149
109773
13853
1811
3833
3604
10737
10869
11680
-491
-2211
-1974
-2623
4471
-1705
7834
1796
977
19818
5664
5093
3720
1817
10305
1020
4693
249
2137
249
4169
10305
1817
0
0
-781
74002
7068
12743
6697
3131
11952
2830
3284
5062
6539
3212
3877
2173
2823
13139
4050
4094
5592
9025
16048
1047
2617
9345
11224
8022
9765
15313
6703
14354
5929
3632
7851
11453
914
15969
4760
29293
11453
4216
17799
1242
7068
42570
914
5062
16048
17799
14354
7782
7068
148008
15969
11952
5679
17799
7068
40643
4760
5062
16048
4488
7068
10260
1897
-1114
-619
2186
-619
1897
-1655
11033
1851
1519
-1440
6612
81390
5790
2230
4302
8746
6830
241
5249
3908
462
-3409
-367
1744
-10081
843
1744
18910
8021
5285
8090
23514
11007
4498
688
-5777
688
2799
11007
19956
7676
4498
12607
4824
4225
2406
9723
39173
4612
2875
6917
3122
13672
5431
-423
7948
27889
4369
-733
-2702
688
2668
10721
2668
688
22492
6455
9797
7860
39930
11352
-2593
10715
2960
9522
2960
11352
9266
13024
5594
1566
10850
1566
5594
27471
3696
-491
27774
4475
4907
29366
7870
4907
26172
2041
5187
918
-2657
3109
55
2885
1251
42933
7837
7307
35294
4998
5319
3833
25694
3833
2225
3023
5801
5319
4998
41265
5015
6321
9032
41554
5365
9032
23633
3500
3008
38835
4291
10547
4449
6181
5419
18291
393
5973
17799
10869
4304
29633
569
17799
3653
63992
11323
7451
17799
5126
22024
10982
17799
3604
8160
1922
16048
17799
-1573
27076
1338
1625
17799
58216
9814
13282
16048
17799
16244
1187
6784
2130
11878
17799
5375
14903
34465
10985
9866
6414
2173
6039
17799
7774
6561
3632
14903
7501
3761
84007
10737
3648
-738
5337
4564
5592
1811
7451
3008
11224
17799
10422
3008
2496
10151
600
5929
8663
13853
11311
8149
26872
4216
6702
17799
7851
3539
4723
386
7846
68638
3838
3992
10922
89016
10922
3838
-4591
1798
-1663
45841
6102
3983
6024
6487
1163
3921
48099
6487
3983
11441
6102
-1206
1820
6024
4167
-2951
397
10910
70169
11389
2823
63
1962
5203
6100
2921
-729
331
4019
25162
7501
19459
10985
5946
29691
5946
19459
7501
27456
835
4910
6521
5103
30937
3545
1677
3526
4286
17276
2481
7180
26291
6981
6975
55785
20801
125
-2258
-2799
16368
-4271
-2821
6083
-4231
-3094
-3047
1396
4329
5261
4329
1396
-12796
2313
4292
-4223
4292
2313
15510
4895
1768
1487
14078
-2021
3177
-3806
1547
-286
868
9948
-1182
-5133
-4415
-3546
-2886
2945
2641
58066
7354
8235
12154
0
4512
1414
1080
35026
3539
2823
5520
4216
42085
7253
16048
14354
50963
12402
900
10781
2024
3731
5456
9827
1398
3447
7401
-1104
3487
9461
25619
7405
48966
4386
3358
3940
7179
4403
1150
507
1150
3358
51323
19484
10715
29037
2669
3316
13530
3832
5456
3447
3487
3404
11002
-6528
-1114
3668
-3715
-126
4392
6562
63806
7181
7396
8535
4507
3366
5974
5132
10492
1284
6954
6954
45395
6954
7181
45395
6954
7181
-1922
1073
2322
993
640
2989
3791
2989
640
45914
5315
4382
2024
3731
2150
26034
9709
2130
6243
20330
-1887
2316
2657
17462
8647
15463
23181
664
3330
30768
3972
2798
3035
17125
1756
49789
1812
5592
4913
2279
3693
-712
9892
6725
-1183
1650
3573
55200
3306
7392
26528
4335
16097
17369
13981
30416
9156
5551
8804
4746
7049
734
-245
242
1510
1437
1510
-245
-7964
2542
692
4599
595
14407
846
2441
-4721
473
-153
665
32710
15926
10853
23127
15858
6838
4191
10853
18775
9182
-1155
-6894
-1155
8889
9182
58374
8364
5860
-171
3373
5181
1294
5138
6535
4529
6162
11202
2981
-2267
5081
11545
4854
8668
3376
5733
10190
4590
2680
28950
5733
-375
5424
4107
1294
50372
10190
1294
37994
4590
1294
31766
2680
1294
39751
13620
8226
39084
8226
13620
3566
922
8476
4761
2685
2764
1734
-37
371
2499
25855
9266
2960
36973
2333
516
6400
11441
4865
36584
4165
2868
1224
31911
2337
3773
2868
1224
5888
3672
6413
5000
9199
6450
4668
12144
5395
16847
2050
4014
2495
1727
36193
3281
1811
12962
1719
3169
6323
3169
1719
34653
7740
13315
17203
13315
7740
30443
5504
3568
3772
-6883
4724
5596
5959
2494
8825
7097
13343
8839
8640
26280
2013
6100
-837
6321
326
76168
8992
4123
6100
277
4471
17828
4078
3386
5089
14714
-2091
4402
14577
38402
12805
1457
68107
10869
6187
55284
29577
49246
1811
-1118
9025
41675
15922
11245
40054
39652
7863
10422
2496
600
5929
8663
13853
393
11311
33736
2893
1020
4315
10362
33090
10362
2730
5973
8204
4315
2893
41512
4299
-240
3047
2507
56723
6428
6511
11911
2404
5227
47752
8331
2974
4630
7472
68074
9895
2974
-590
4471
5596
2494
-660
-507
-1972
-1325
-1972
-507
28770
10293
4143
10988
10988
37248
10988
4143
10293
-5711
-1655
-1114
-619
27278
4178
2001
2192
45644
5234
2269
5676
30035
4939
1569
-4735
738
8323
3277
54034
5595
5176
462
20576
-192
1451
34125
4400
6747
5674
4601
3290
8611
8348
-214
-5220
3210
5643
1519
55668
4686
1191
2192
6300
31208
2448
1567
410
9307
45623
5712
6100
1811
3528
7472
36058
3528
5712
48338
7472
8331
5712
0
0
5478
32009
1978
1398
9461
-6180
-1491
-5079
-2657
-137
-1831
979
-187
-270
-11028
-187
-1831
-1491
-2185
-270
3596
4556
979
-1491
7637
775
1172
926
8056
5067
1457
11344
2557
1519
2426
4010
3210
14706
7916
655
-3724
2987
2831
24422
3578
4997
4182
2262
12271
11602
6413
17369
12031
6278
10168
5306
-8094
3766
2533
1308
1950
8597
2858
4713
78330
11311
5592
6703
10737
10869
8149
20138
8149
2094
8663
10737
11311
16612
4229
1946
4769
3348
2772
307
14610
965
11918
-3508
3729
-257
53227
5611
4633
6100
3214
19330
878
3741
5794
3034
1263
1494
29696
1494
3741
1263
878
-5487
3607
15700
16281
8507
6326
8597
41037
11408
4630
7056
11678
9873
16307
2079
6456
1625
45704
3849
1791
5166
7024
5431
69
4169
10940
4169
5431
23232
1327
-912
18792
3100
2736
29218
11002
-552
10201
3832
5456
2669
9701
6993
2874
1759
2243
3198
2243
1759
2874
4534
2240
1759
7651
4098
116
-7060
-1590
-1691
2121
2507
18006
2507
-1590
83033
10626
1915
3648
3648
-4217
615
2694
-614
-136
3156
7278
4059
34789
9701
15806
6719
11002
1395
-1213
582
-2153
409
1084
1739
1084
409
-3713
5670
291
4569
1838
5408
2855
17792
3761
10985
1916
1752
-172
1350
-1815
-2057
34168
3359
-1021
3246
24034
-1021
3359
60334
3246
3359
28165
1540
748
4186
42166
2107
2192
2399
25681
8555
9152
32421
3214
2561
5138
6535
4529
5717
3376
5611
31728
3020
4529
3446
64490
9307
2785
1344
2448
33768
5806
2225
98157
11735
4564
44563
6821
4564
5973
4315
22378
3314
3848
14488
4367
4292
55234
4668
9504
3469
6100
5838
4471
6450
2337
12144
40114
8230
9504
3672
6450
4784
1149
1544
2097
-4553
-434
1089
-2817
-1197
-2829
722
2796
44578
4892
4984
26179
4467
5191
-6646
1799
5603
13816
11344
-2258
-2799
-4271
-2821
-4231
-3094
5067
38469
4421
5346
5838
2108
11678
2299
3757
708
584
10876
-377
-2253
5787
42798
5160
5741
4787
38762
4398
7354
2173
1094
3850
5961
6627
-1607
8137
1937
3870
5699
712
3906
47257
-26
1898
16273
53581
5191
3391
1568
10116
2820
-133
6458
2261
4170
25048
6336
6213
11806
4654
5944
9780
33285
9780
323
4654
6336
3720
679
1224
5274
5266
4483
49
8326
4586
49
0
0
595
1098
1312
2498
27333
2141
10511
2997
11630
8928
8727
-385
15463
9660
59381
12144
9504
6136
7518
9262
2868
5888
-1144
2316
10473
2095
14643
9876
10113
5471
2337
4668
40056
4006
5459
5203
5759
41266
3604
5203
4705
22380
457
5203
-1252
8316
69821
8316
5203
457
32601
4459
-375
-2267
4459
4029
1183
-375
1020
23328
3071
3511
16071
7458
4521
19189
3191
-808
5898
3473
-808
1987
-5732
239
6013
905
8886
6013
239
905
-661
905
239
6013
27233
4335
2552
5002
3374
-1095
14306
1014
7767
0
0
4430
6288
1358
383
3870
931
1144
383
-5018
1221
1492
6695
2011
-505
2011
1221
45297
3743
-2352
3049
11417
-226
3643
10411
5198
1854
1421
-923
2441
13345
14528
1089
4803
2821
-8929
-9
9006
3041
37957
7561
3237
5337
-2200
2069
4913
60840
12840
6667
6824
10302
1163
3426
3983
6024
6102
28363
3716
745
876
4943
2094
30323
7303
2094
-9885
3041
9906
9006
10481
7767
-9
-1159
-1490
-1159
3041
22225
5276
1963
24060
-3227
-1664
21055
7483
1426
46505
6035
5592
-17759
-4012
-5133
-5498
2435
695
2059
-1804
2497
1272
6974
-422
-568
1306
1172
-2599
1172
-422
12843
5118
-101
24811
3673
6241
4073
6013
3795
4932
10416
7290
31284
7290
4932
-1541
8915
7203
-6080
6331
-435
96945
15501
6880
31869
3176
6100
5888
3672
-1299
66
5306
9780
6275
-275
44669
7648
6491
3819
47865
6515
6491
3819
4699
1299
5544
11029
2330
-12
87641
6817
4211
2188
68277
2188
2333
5002
4186
2711
6817
4684
3334
3636
404
678
-657
18988
678
3334
34882
-657
3334
16132
8489
9122
-3791
990
6951
70492
5601
4581
45324
4432
842
5392
32675
2263
3595
24854
3595
3436
94
2263
25877
3287
4803
5787
8449
52922
8449
4803
5787
3287
59510
9650
4803
5787
31154
4917
3149
4755
-1185
1182
563
38637
7942
6888
58071
5041
9466
4471
4973
26127
5151
3813
15509
3813
5151
6618
2501
7544
13672
1398
6362
9461
26359
1187
10560
7863
9702
7083
8273
11411
1903
8273
8940
21983
792
416
-1285
877
3021
2544
4489
6632
6605
1811
-2018
-2623
-2018
-458
3426
3021
14556
7516
840
5298
15231
5298
7516
12423
451
824
5119
940
28
7647
7401
6576
36715
5410
3620
5419
2863
37835
531
3125
20353
3358
-298
1838
-1180
7580
7654
4776
4331
39637
23127
10543
18158
15926
18158
34726
18158
23127
23858
4029
6751
2927
8413
22828
2927
1617
4029
24768
8413
6100
4029
21250
3561
4415
-1827
713
5019
4415
13737
3199
2465
30977
2426
3205
3908
4689
3428
31025
3514
-518
1677
5872
6875
1064
1336
9312
49366
5612
2841
45522
2465
2077
622
2003
1890
-2894
1386
43832
13140
815
17003
1377
7126
22419
2097
1149
15409
33
-191
-13177
-1088
-5133
29360
12424
8148
-9322
-1346
-2293
352
-1394
655
3495
47324
37827
6929
7252
57562
7252
6929
56474
11263
9235
73214
16134
9235
26086
8177
11036
9585
27247
10575
11036
29597
8556
11036
9585
23365
9585
11036
8177
8556
15800
37016
15800
9585
22595
1878
3275
3511
20864
3566
8226
-5271
606
2108
2977
-180
2977
606
2360
7686
5513
8219
5513
7686
6346
5735
8162
7659
11513
7659
8162
5735
12003
4162
7846
-717
4288
5501
20
16628
1570
2333
167
1712
13320
5099
14650
12092
11293
33355
3015
4073
13503
9660
8928
49596
3865
2138
660
20084
7446
6888
13926
7534
6126
8374
2425
1041
41947
-1285
-646
-1827
-83
-1141
-2253
-626
3511
-5813
1451
-931
-2753
792
-4359
870
21
511
3714
5288
-4359
4186
-1285
31311
870
-1285
49508
21
-1285
14078
511
-646
-1285
41015
289
6981
-798
373
2889
7707
3416
2149
3439
974
20589
974
2149
3416
26492
2715
7720
7095
4170
3940
6888
2261
-133
294
2419
294
3940
6888
2261
8164
4170
53333
3015
5059
1610
19796
3383
1712
2703
34818
4459
5081
4459
24488
2751
6824
5018
2097
1299
39509
3714
-1285
24333
5149
5771
0
0
12154
7354
-3951
1534
1498
0
0
-579
19603
4059
9504
5675
7278
4471
-136
72486
10193
6100
39372
6848
6100
30136
4467
6100
59548
4846
7404
3820
37274
-1065
4331
4186
38802
5466
5227
5860
7395
9466
3373
26225
6230
16651
47436
4792
4832
26607
6602
10607
6673
26558
2272
2773
3270
99
5382
30190
12041
2247
2457
8979
5192
-1020
4599
595
-2829
1438
786
6610
-3959
1143
5652
6610
1162
51356
7492
3871
8157
2467
4973
3871
3072
5994
28755
7746
15399
-3902
-2621
-1020
-1160
-1038
-1020
-6697
-2829
-1020
5192
-623
2280
3309
1793
32974
8241
8224
20293
3630
8188
21191
4998
9577
43174
6243
5875
6423
3059
1539
3956
526
16107
8346
3596
6893
-4544
199
-745
28601
2863
3620
5410
19126
5514
3668
-5325
5557
1247
4936
4229
2038
1929
53092
2797
2543
28901
2399
-1630
9102
2244
2611
2785
2140
2786
3416
2107
0
0
-1145
50809
3814
5081
2498
44923
6736
3042
5528
6995
7018
43516
7018
5528
6995
6736
-6826
1162
1679
1143
54661
7842
3177
5911
9967
8889
3812
41749
7101
5246
6655
53115
9950
13057
25722
11207
7978
-5189
-162
3248
2178
-7874
2089
531
47728
3850
7354
4398
33856
3831
5948
34942
2972
3426
3983
5337
57884
11381
11453
30403
3819
7648
6515
4341
8253
6035
4204
462
2180
-1951
6562
-185
-982
-1951
97214
5788
4186
44707
5565
2705
2003
2382
3101
2507
36345
3793
2231
2398
1550
3553
-3846
3921
13577
4099
2985
4569
5203
1066
11508
4745
3674
2568
6102
14049
1095
1765
28962
1713
2003
2829
4681
1001
1810
-2239
22081
8157
6933
1336
1215
694
37314
1571
3617
26147
3812
9967
28238
3571
7564
2821
11093
6242
4130
31517
2376
5452
22775
889
582
65116
1313
2230
3345
4302
8693
5249
6455
73954
6455
1313
16735
3194
2158
15049
5007
2459
14035
2425
-390
5120
1178
1669
0
0
1488
34956
3837
-285
52413
13346
5319
3144
7720
2783
1214
4811
3475
3902
4854
-1040
326
3780
-837
2158
2013
17145
1225
-101
12832
5033
2244
29285
4114
9504
9366
10200
2667
4009
-1897
130
5943
6579
21344
6579
5943
130
11013
1996
346
138
5992
4143
3048
2504
0
0
-747
0
0
-747
90456
17207
4639
-19776
-1573
-528
439
1922
0
0
2959
-13757
-2802
-3589
-593
4226
8507
31713
8583
1089
4803
31160
6062
4417
25085
7582
6400
25589
7273
6317
29300
4323
2020
33246
5395
2337
44076
5369
9504
6532
4001
2333
8078
2333
4001
8525
-270
852
36501
9306
5002
23893
5002
9306
10705
4304
1813
3596
393
-12588
4360
1381
33147
-1356
-646
