0.015857284440039643
0.0009910802775024777
0.06342913776015857
0.5074331020812686
0.06342913776015857
0.06342913776015857
0.2537165510406343
0.031714568880079286
0.030303030303030304
0.9696969696969697
0.06997403307366407
0.00027333606669400026
0.004373377067104004
0.001093344266776001
0.00027333606669400026
0.004373377067104004
0.017493508268416016
0.00013666803334700013
0.002186688533552002
0.001093344266776001
0.13994806614732813
0.13994806614732813
0.5597922645893125
0.004373377067104004
0.017493508268416016
0.002186688533552002
0.03498701653683203
0.0009130335539831089
0.0009130335539831089
0.014608536863729742
0.9349463592787035
0.0009130335539831089
0.0036521342159324356
0.0018260671079662178
0.0018260671079662178
0.0036521342159324356
0.007304268431864871
0.029217073727459485
0.00022825838849577722
0.01882283739568398
0.15058269916547184
0.0023528546744604976
0.15058269916547184
0.07529134958273592
0.3011653983309437
3.6763354288445275e-05
0.3011653983309437
4.739111890431733e-05
0.006066063219752618
0.7764560921283351
0.003033031609876309
0.09705701151604189
0.0003791289512345386
0.0015165158049381545
0.006066063219752618
0.012132126439505236
0.0001895644756172693
0.09705701151604189
0.00014860911159615475
0.000594436446384619
0.6087029210978498
0.3043514605489249
0.000594436446384619
0.07608786513723123
0.009510983142153904
9.288069474759672e-06
0.024390243902439025
0.3902439024390244
0.3902439024390244
0.1951219512195122
0.014291994947556473
0.0035729987368891183
0.0002233124210555699
0.0017864993684445591
0.0071459974737782365
0.0004466248421111398
0.0004466248421111398
0.11433595958045178
0.45734383832180714
6.978513157986559e-06
0.05716797979022589
0.0002233124210555699
0.22867191916090357
0.11433595958045178
0.36363636363636365
0.09090909090909091
0.36363636363636365
0.18181818181818182
0.000975609756097561
0.9990243902439024
0.015238095238095238
0.0019047619047619048
0.007619047619047619
0.9752380952380952
5.443954488540476e-05
0.2229843758506179
0.055746093962654474
0.027873046981327237
0.013936523490663618
0.0034841308726659046
0.4459687517012358
0.2229843758506179
0.006968261745331809
0.8888888888888888
0.1111111111111111
0.64
0.04
0.32
0.07990012484394507
0.6392009987515606
0.039950062421972535
0.15980024968789014
0.0012484394506866417
0.07990012484394507
0.0032076984763432237
0.006415396952686447
0.00040096230954290296
0.012830793905372895
0.05132317562149158
0.02566158781074579
0.0016038492381716118
0.20529270248596632
0.41058540497193263
0.00040096230954290296
0.10264635124298316
0.02566158781074579
0.10264635124298316
0.05132317562149158
0.008912407742654227
0.0001392563709789723
0.017824815485308454
0.0005570254839158892
0.0005570254839158892
0.017824815485308454
0.14259852388246763
0.14259852388246763
0.008912407742654227
0.07129926194123382
0.0005570254839158892
0.5703940955298705
0.017824815485308454
0.00022609727835401182
0.00045219455670802365
0.4630472260690162
0.0018087782268320946
0.0009043891134160473
0.00045219455670802365
0.4630472260690162
1.4131079897125739e-05
0.028940451629313513
0.00011304863917700591
0.003617556453664189
0.00011304863917700591
5.6524319588502956e-05
0.007235112907328378
0.0009043891134160473
0.028940451629313513
1.4131079897125739e-05
0.00011304863917700591
0.1817536386226482
0.3635072772452964
0.0003549875754348598
0.1817536386226482
0.1817536386226482
0.0908768193113241
0.014584401526804534
5.697031846408021e-05
0.00022788127385632085
0.007292200763402267
0.0004557625477126417
0.00022788127385632085
0.0036461003817011336
0.02916880305360907
0.9334016977154902
0.0036461003817011336
0.007292200763402267
0.0002099462012859205
0.21498491011678258
0.42996982023356517
0.003359139220574728
0.006718278441149456
0.21498491011678258
2.624327516074006e-05
0.000419892402571841
0.013436556882298912
0.10749245505839129
0.001679569610287364
0.006718278441149456
0.025437201907790145
0.001589825119236884
0.10174880763116058
0.20349761526232116
0.05087440381558029
0.20349761526232116
0.05087440381558029
0.20349761526232116
0.025437201907790145
0.006359300476947536
0.10174880763116058
0.025437201907790145
