1048576
1048576
65536
262144
8192
16384
1048576
16384
32768
4096
16384
8388608
262144
2097152
131072
262144
131072
64
2048
2048
32768
512
4096
32768
65536
1024
65536
16384
131072
2097152
16384
131072
65536
131072
8388608
262144
262144
8192
1048576
2097152
4096
16384
65536
65536
4194304
524288
1048576
65536
65536
256
262144
4096
131072
16777216
4096
1048576
65536
65536
128
1024
65536
128
8192
4096
2048
128
131072
32
2048
131072
512
32768
131072
2048
524288
4096
2048
4096
32768
4096
1024
32768
1024
131072
8192
16384
131072
131072
2048
1024
524288
131072
16384
262144
32768
32768
512
262144
2048
16384
