2.2404754518792515e-05
0.00045001152414216283
0.003325160397051726
0.0001655499880221279
0.009038723084017371
3.0321537986475633e-06
0.49349755904922465
0.49349755904922465
0.7239123298487348
1.6362803272332642e-06
4.447871079783202e-06
0.2663124633618694
1.2090567131503192e-05
1.6362803272332642e-06
0.004877682910505251
2.9969519594344264e-08
0.004877682910505251
0.0020748347343537525
0.11328213812022517
0.837048073577154
0.00028079834644292715
0.0056399855554494565
0.04167416966637458
6.061304779700398e-06
0.00244530487426628
0.00244530487426628
6.061304779700398e-06
6.061304779700398e-06
0.0008995773906388834
6.061304779700398e-06
0.00664702780476036
0.00012174456095536624
0.9865063951471499
3.0177459546540424e-07
2.229829415125975e-06
6.061304779700398e-06
2.229829415125975e-06
0.0008995773906388834
0.2417825171588008
0.012037642711939453
0.6572330228318555
0.08894681729740431
0.15101893969495545
0.02043819097770973
0.41051203952594983
0.007518790275435069
0.41051203952594983
0.001570169200103965
0.0005776329678788572
0.0002124992934254757
0.001570169200103965
0.2330337713129952
0.011602068304381262
0.03153769144434023
0.08572833356469835
0.0002124992934254757
5.267330861184611e-07
0.0002124992934254757
0.6334514659773955
7.817412131469035e-05
0.0002124992934254757
7.941360687621173e-05
0.0043358360229005435
3.953770674884623e-06
0.6434951215094212
2.921463331902938e-05
0.011786024272228683
0.011786024272228683
0.0043358360229005435
7.941360687621173e-05
0.08708759453085602
7.941360687621173e-05
1.0747462979433126e-05
3.953770674884623e-06
0.23672862569743525
7.941360687621173e-05
7.941360687621173e-05
0.012529319884288553
0.004609279197290313
4.203118574214634e-06
3.105707893532934e-05
0.6840776868556439
0.012529319884288553
2.0926095181266278e-07
0.00022948249852206587
5.688302427184052e-07
5.688302427184052e-07
1.1425260843146331e-05
0.2516581171583072
0.03405822256441216
3.105707893532934e-05
0.00022948249852206587
0.00011212860883289947
0.04523590937747547
0.000828524580961345
0.04523590937747547
0.9085875280552549
0.0001227763048332813
0.000333740598393657
1.6615965989356823e-05
4.5166878411162176e-05
0.0009072010040325258
0.000333740598393657
0.0009072010040325258
0.9948667023816576
0.0024660280040214163
8.272602347102103e-07
0.8010710046885361
0.0002687293843693217
0.014672127246110712
9.886001574813179e-05
0.0007304822023041134
1.337924823204941e-05
0.0019856564965360156
0.10841317131216092
0.014672127246110712
0.03988297687794161
3.6368567347622714e-05
0.0007304822023041134
0.0019856564965360156
0.0007304822023041134
0.014672127246110712
3.6368567347622714e-05
0.0066256345795026724
0.000329870921790183
0.0066256345795026724
0.000329870921790183
0.00012135273036688108
4.464317463199693e-05
1.6423306135738143e-05
0.9833313590032633
0.00012135273036688108
1.6423306135738143e-05
0.0024374347465136274
0.0006562247099625037
1.6266184282018056e-06
0.013180625641859985
0.001783803704476881
0.26473994300029285
0.7196377763249796
0.017942534803329194
0.9796292071670796
0.002428258029591337
0.9502965020436196
1.5871567839149607e-05
7.901988331129321e-07
2.1479831289204248e-06
0.047312476916987645
0.0023555495229190485
7.901988331129321e-07
1.5871567839149607e-05
0.0022824206039413573
0.04584364331470843
0.33874125223174767
0.12461594257272991
1.5378829058977507e-05
0.006204262452594312
0.33874125223174767
0.006204262452594312
2.081298186544171e-06
0.006204262452594312
0.00030889203889948423
7.656668137770059e-07
0.006204262452594312
0.12461594257272991
1.5378829058977507e-05
0.045828182925489236
4.178989352388704e-05
0.9204836602725126
0.0022816508764863072
0.0008393724493901143
0.00011359670817922048
0.006202170116440382
0.006202170116440382
0.00030878786761634003
0.0008393724493901143
0.016859246324531615
0.006244383406657495
0.0008450853969779966
4.207432443602695e-05
5.694140614538842e-06
0.00011436987155914242
1.5478278961191552e-05
0.3409317821011622
0.046140099295023905
4.207432443602695e-05
0.3409317821011622
0.1254217934769595
0.046140099295023905
0.046140099295023905
0.046140099295023905
0.0008450853969779966
0.002392957259217729
0.017681695430703137
0.0003238515484493398
0.0003238515484493398
0.006504732234010715
0.9653878599658908
0.006504732234010715
0.0008803197792681645
