65
25
62
2
60
47
44
24
46
65
75
28
51
116
17
44
79
-23
110
37
98
78
59
43
47
65
74
26
22
123
24
26
79
1
111
42
45
83
35
58
54
68
80
51
78
76
57
67
90
37
126
20
47
79
37
88
63
107
131
30
56
151
65
72
102
20
104
39
84
78
88
71
69
93
127
42
53
115
66
83
18
5
75
35
30
69
20
66
-6
26
29
19
38
8
25
27
13
9
4
-25
22
15
48
10
-6
47
25
54
58
55
27
44
53
-28
87
2
70
76
88
29
30
92
80
59
56
109
42
42
72
47
66
43
57
42
21
60
32
27
69
-21
-1
72
24
36
89
7
91
35
45
74
61
82
26
77
73
70
83
115
102
100
37
-7
55
28
5
26
-12
41
37
25
29
33
36
28
36
38
58
18
96
22
50
90
75
52
28
76
105
-9
17
85
40
30
112
43
145
53
84
92
31
87
91
90
130
47
88
116
42
85
58
25
71
17
-24
51
1
42
62
54
84
-14
23
79
53
39
85
15
94
62
52
63
36
99
48
50
75
42
48
69
77
85
91
-9
88
66
64
87
67
93
30
41
46
45
54
101
91
86
31
-14
21
23
70
39
68
39
-28
16
-9
62
52
39
39
52
79
-14
72
41
43
44
41
39
67
46
76
2
-6
88
50
36
22
-18
33
7
21
41
51
30
-15
31
23
-2
-11
66
43
11
54
52
92
13
32
68
25
42
18
62
101
-43
-2
86
16
8
119
36
178
59
65
121
36
95
86
103
157
-6
40
144
59
57
108
18
144
73
96
119
65
116
49
69
99
16
42
138
67
71
93
25
143
67
55
91
11
95
51
58
101
-13
13
97
51
41
40
68
63
0
-1
27
-29
45
55
53
83
6
53
58
5
41
42
17
74
-5
19
47
45
36
38
85
108
2
10
81
37
26
45
-16
84
27
67
65
59
84
25
69
55
85
74
72
55
73
81
20
147
42
96
114
83
106
68
114
137
78
102
91
52
92
68
22
97
30
47
49
16
50
55
58
102
-31
-24
95
19
10
31
-12
58
22
-1
56
24
58
-1
33
27
5
11
67
62
29
78
21
124
65
75
106
69
119
54
69
107
21
41
78
60
72
87
-34
119
53
54
94
62
83
53
72
79
35
31
124
86
60
54
-6
32
33
58
45
71
53
-15
23
15
34
26
70
65
57
54
-17
50
46
7
56
21
54
-17
5
-8
15
25
62
82
46
86
49
130
52
55
84
20
104
93
73
135
-20
13
108
30
48
92
-23
119
34
88
109
113
60
25
97
99
42
45
141
81
60
22
-31
14
21
41
35
45
12
-44
-4
-36
36
29
30
37
23
57
-18
73
23
28
64
35
41
-3
50
22
72
86
75
74
66
96
46
124
31
54
65
9
70
109
92
135
36
73
115
29
72
88
33
73
12
48
53
47
38
59
72
99
0
25
147
43
49
88
3
79
43
72
48
64
66
83
66
103
28
17
97
52
65
70
21
133
62
68
101
16
80
46
44
79
-7
31
69
15
27
77
30
86
51
97
63
41
58
50
36
72
11
31
71
5
42
55
-48
83
28
88
73
86
41
26
63
51
56
35
92
41
37
98
26
120
57
72
62
7
82
105
63
106
33
52
98
28
67
119
36
178
59
65
121
36
95
86
103
157
-6
40
144
59
57
91
21
90
59
56
65
21
45
47
23
69
-43
-18
93
29
18
95
-17
93
63
73
71
63
56
49
44
71
13
9
89
63
49
60
3
86
21
99
55
59
58
32
69
74
48
39
102
19
44
79
25
112
15
76
78
91
75
85
121
162
32
39
120
46
66
49
10
84
-2
53
70
46
18
28
71
78
3
29
113
8
11
49
52
74
19
49
42
24
64
48
55
104
-31
-15
77
4
19
110
-28
93
64
113
83
109
78
39
62
67
64
46
127
89
88
46
40
56
-1
10
35
-6
40
29
51
52
31
67
87
29
51
66
-30
85
47
79
95
96
59
-2
45
45
13
10
97
63
35
23
-1
49
6
43
40
21
18
-7
26
22
-4
2
66
0
-5
92
21
123
51
66
92
43
99
67
71
104
5
27
137
54
58
42
8
56
14
40
57
47
17
17
43
51
18
42
48
21
29
75
48
126
19
7
67
-9
66
73
89
135
-21
19
113
39
33
91
63
104
23
14
44
-11
72
91
83
132
4
41
116
48
66
26
7
34
-13
9
14
17
1
27
52
54
29
35
44
18
25
87
-8
140
41
107
122
106
101
42
112
106
103
116
120
76
102
60
31
60
7
-31
37
-26
27
26
38
49
-23
18
109
53
27
98
47
119
48
16
83
-4
61
65
54
102
-33
25
111
49
41
82
-15
63
51
86
72
94
65
16
39
42
38
32
100
72
68
61
15
108
47
90
86
43
52
32
42
75
-14
9
68
-4
9
83
-13
96
58
56
66
6
55
14
23
16
39
52
89
56
50
86
12
101
30
3
62
16
55
85
77
109
12
37
106
70
59
80
42
128
14
98
77
61
63
93
116
161
30
52
120
3
50
83
35
98
36
34
66
38
87
52
79
104
45
69
86
78
90
34
20
53
39
37
46
18
72
12
20
26
44
60
11
34
60
80
1
66
20
67
59
88
54
12
75
69
63
61
114
83
82
46
33
81
4
84
74
68
50
-5
73
73
36
61
93
16
42
62
20
102
38
44
63
39
103
64
78
110
32
34
74
57
68
42
17
74
-5
19
47
45
36
38
85
108
2
10
81
37
26
58
-14
115
44
55
80
36
74
66
67
86
38
43
64
36
45
26
33
81
22
10
47
-29
51
33
30
57
-22
10
38
-5
3
84
-7
117
64
86
114
92
114
28
67
76
46
55
107
84
82
50
-27
64
25
49
68
74
42
16
47
50
2
-5
96
50
22
69
4
117
63
46
102
46
92
38
49
80
-5
18
69
58
43
59
-27
51
36
97
50
83
52
-5
39
16
88
66
66
56
72
54
22
90
20
40
90
71
90
1
80
78
45
70
94
78
76
58
21
70
12
-25
35
-7
43
54
61
82
8
31
76
63
48
78
-25
133
39
78
118
83
74
26
92
79
77
93
111
74
73
73
3
95
18
89
86
113
75
10
101
99
64
62
120
76
78
47
33
38
19
-2
11
-24
16
34
9
47
-58
-39
62
9
-6
83
-22
69
14
36
55
66
22
45
73
74
30
29
134
75
51
67
31
102
19
78
78
90
80
36
103
130
39
48
91
52
68
69
0
116
58
45
86
38
93
30
56
78
17
26
66
68
52
81
-4
62
36
37
46
22
23
39
23
43
-29
-19
121
40
15
63
58
117
28
10
83
-2
70
32
64
105
-36
20
87
35
26
58
32
52
-1
26
24
43
42
56
79
105
27
32
84
46
59
44
23
91
9
90
72
87
66
23
96
106
67
74
60
26
63
70
32
115
49
119
90
66
79
48
62
102
12
32
77
-2
38
33
24
77
29
62
59
20
40
1
26
48
-18
3
38
-11
-2
86
36
111
66
75
78
14
86
64
38
76
18
53
72
24
60
78
-25
133
39
78
118
83
74
26
92
79
77
93
111
74
73
7
37
11
-24
11
7
25
15
20
49
56
29
44
26
3
34
103
-19
97
57
61
71
60
89
71
66
76
60
53
127
95
93
46
7
88
40
109
85
93
77
27
60
79
42
45
46
15
49
90
41
127
25
48
95
45
87
71
100
133
8
48
154
55
63
