4
4
6
2
16516
4
16899
2098176
4
65569
3
3
4356
3
9.223372036854776e+18
5
5
6
65811
2
145135534866436
3
9.444732974535383e+21
2
8
5
6
5
4
3
70
2
5
8201
2
4
9
8589934595
5
1.5111572745182972e+23
67108867
5
3
12582931
4
7
133121
4398314946561
10
17592186060801
3
520
133
131
3
141836999987496
5
2
4194305
16394
65546
8197
2
17
579
11
68719477248
3.689349255418977e+19
19
8
524291
131
2099201
42500120
10
389
549755813891
3
2097155
6
4
5
1125899906843137
18
6
4
4398046642194
4
549755814179
2251799914483779
2563
265
3
5
37757448
22
2
34695282688
33
7
3
19
9
262
5
5
2
2.8823477433247334e+17
4
2151713213
6
16580
5
1073741905
4303364097
2
3
8589967488
20
2199023404547
68720001219
1.801553278561485e+16
5
5
21
5.764607523042623e+18
7
2
17867063951874
32770
4102
3
1099645845508
262283
2
515
65537
4294967330
515
8594135042
4
4503599627370499
6
4
5
7
8388871
3
2097299
8
4
770
9663694080
7
262685
270139396
17617955848257
2114
281474976710660
18
8
3
6
4398314946560
3
5
16777218
5
4
3
65793
262
28
260
4107
8
4
524385
9
11
266
5
3
16929
2
4
8198
2
3
24579
3
32775
1032
2199023255585
4456452
3
65539
4
550829555712
514
1026
8
260
4675608772641
2
3
262146
2
9
2
42
37
2
5
2
4
3
35
266250
131075
4
131073
2
4
1.8014398509481984e+16
2
2
18
21
5
6
73
6
4
8388610
2
12
2
9
92
7
3
131076
33620010
32772
3
537034848
1048577
131
20482
274877906945
270469
5
138412034
4194305
5
2
5
4.722366571105856e+21
34359869952
5
5
3
262673
260
2
5
4
4192
6
4295491697
9437188
2
3
3
13
4
6
9
1048715
3
9
2.882303762188216e+17
514
32844
3
4294967299
2
2
33554946
4198437
32769
2
40
3
3
2336
2053
4
37
4
3
32915
19327361025
5
3
537217313
2
6
67
18
5
4
2
3
7
11
10
2097222
2
16386
4
2
4294967302
4
35184372088834
49217
6
1058
4
4
3
1048581
514
4
3
3
17825802
1027
2
3
8197
3
3
7.378699388917173e+19
2
12599296
5
1049225
4
15
2
4
5
4
2
2097195
537395297
513
4
3
2147483649
147456
16777217
471009541
1026
6
1032
140874928881698
130
4.612812468626919e+18
268435908
5
197
8
1028
65539
5
6
70377334636675
4
32772
4503599627372801
12
3
4099
67
4
4
7.205759403792998e+16
2
5
4503599627372807
8590065664
32773
19
3
34359738372
3
6
2
1030
1074796674
2694
66
5
5
5
69637
5
69633
16388
4
2
2
281474976718868
145
1.8014398509481988e+16
2
2
4098
3
2
6
258
9
524296
3
4399422242849
4.611686018427388e+18
536870913
3
3
3
7
4
264400
6
9.223389629175568e+18
19
8
3.022337607466692e+23
16777225
32899
278536
3
4
5
5
1028
16389
1.8889465931478715e+22
5
8226
12
515
138
5
3.6141387224530944e+17
5
4
6
2
298
2182
6
4325380
8388611
131074
131075
35655683
4
65555
36
2
2
324
70
1073
137438986241
7
19
10
8590000131
23
9221
8338
2060
3
2051
11
2
139270
4
2
4
4
2
14
3
2
524290
4
4
4
1051657
516
8730589196
2
4
4
3
6
260
2147485733
549
3
3
5
2147492881
2
2
2049
4
69
16
2051
3
129
5
4
3
3
655361
12
3
4098
6
67108865
4
2.3058432840916265e+18
8388741
8196
3
9
2
10
3
6
5
2
3
8
9
8195
2
3
2
2147484742
705
8388641
132096
1035
4227346
1573184
135179
2050
16902
4
10
3
3
4
131588
4
2
274877908996
1097745
9
19
526470
7
1048587
1028
32804
2
6
1073741825
33554439
4398180835328
3
69
3
4195333
3
16514
7
3
131105
3
2
2
3
15
6
130
7
4
6
32776
68987932741
129
540672
4098
8323
3
8
70368744177666
3
3
262154
2367491
5
2309
3
2
1048580
262148
6
4
2
34
33
4
3
2
2
3
49158
2
7
33
6146
526339
7
8519946
589824
8388740
513
3
326
17518051333
3
33
5
4
515
8590005514
2
4
2050
2.9514790795074975e+20
2
3
2
1073741836
5
4
1025
4
3
3.2451855365842673e+32
17179871233
2097154
1048592
49153
536873224
2
3
2
2
5
3
3
2228225
9
16387
131087
268435473
8422665
2
584119746560
2
6
18
536
5
6
4294968579
4
2
1363148801
10
3.602879701898035e+16
528965
2050
134217779
2
4194308
3
12
10
4
2
4
288
12
257
4415226380299
580
168
9
37
537133057
4
13
8
3
6
6
2
5
33417
30
27
2411087560737
25
5.4043195528446504e+16
2053
597011202304
4
4104
4
7
262163
268
4
137573181441
4122
4
524544
7
50
8796093022225
16842754
4
1035
32772
517
2050
518
1099515822081
3
4
132296
4
6
5
16405
2
3
5
2
3
67109120
1027
536903685
2
6
9
2
3
2
32773
3
17
2
1.441154629537956e+17
6
2181300224
7
281477124194306
6
36
6
4
2053
136314916
6150
4097
1028
3.777893186297434e+22
2050
3
5
22
3
35192970559488
69
2097157
3
3
8594128907
4098
134217770
7
562954251551012
16875557
3
2884098
4101
2
3
262438
131073
2
196614
5
4
2
8195
134218309
2
10
5
5
9
70373043339268
32777
4
3.602879701909709e+16
1099511627778
5
516
8406017
4
4
3
7
1048580
4
36
2
1042
4.611704723009962e+18
3
4098
2268816474130
66
13
4
5
34
37
138
17
3
2191
9
6
536870946
2253888
259
519
3
6
2113541
7
4194307
3
3
524290
2097153
36
805306376
136315972
6
73732
1058
8204
3.2425944804858266e+17
4
3
4102
4
9
2
4104
5
65540
3
70
33686528
4
35190814541954
5
515
18
3
2
17825797
268437523
18874368
2
3
260
2
2
4
131088
66
4
18
2
4
2
2
4
4
4098
5
2
2
4
36865
35461397479441
134225955
4
4
12
2
2
3
2080
2
5
2050
2
5
2
4
10
3
4
16386
4
3
4104
4
2
4
8
8
1099528432781
7
5
2
2
4
262404
68611
1.511157275925833e+23
5
2.882303761517138e+17
524289
2
1057024
5
1048585
7
2199157522433
3
67109380
8589934594
4
526343
9
268436480
2
4103
4
2
3
3
5
4
34370486353
5
8
100794368
20
131096
562949953421318
16777228
3
2
17410
73745
5
3
263172
66
32773
36
2
18907661
263202
19
3
2
6
2
4432406251781
35
2
81921
140737488355332
2
6291456
3
288
4
17179869185
4
5
16777257
2
8390785
1048587
8589934626
139270
131082
16778868
3
2
8388613
1284
19
2
5
1075840390
17301509
9
3
7
34
3
2
2
2
24
43
132
131
34818
532549
33
1179700
7
5
65543
1310730
262717
4
4
3
2
8196
33
36
9
33554434
4
5
2
5
8
524290
3
5
8
16394
4
38
281479277971465
7
37
1107361795
5
4
1026
6
1029
34364334710
1027
2
4
44
2
5
5
536871428
8193
2.305913386547806e+18
131081
167780361
3
5
5
33554991
6
7
140737492549632
8454145
4
3
2
6
4
4101
3
8213
2
132
4
88081028
4294967310
2
281474978807937
5
65
18
3
198
3
262150
5
11
49186
16388
4097
4
5
2251799813816448
524585
132097
326
1140850690
274878182483
5
22
2
10
3
2
4
3
514
68719484929
314157
66
11
67108866
259
7
4194321
16777221
5
516
67108897
4
9
24
7
7.378697629483821e+19
549
130
34
2
532484
140737490452482
4
3074
3
4507997678075905
132
84
33554945
2
2097173
4
4
33562637
1095
6
2051
8388611
4
2
524306
257
67108865
2049
4
83886219
49155
132
3
5
131
17
6
3
3
30
3
1.4418555755823104e+17
9.67141578028907e+24
4
149651
8589942785
65
3
2
1099511637001
268435491
2
4563435524
655376
4
1.801467345502208e+16
4
4
138416256
2
8198
17179869185
2
4
11
268
6
16386
258
557058
551903297536
136
176141
4
3
514
4295000064
8781842
536870913
4
4
259
1099520016386
4
4.611691515993915e+18
281474976710658
6
5
1125899973953669
2
3
1.463669878895412e+17
2
11
5
3
1114185
2147483656
4
526868
3
4294967297
65547
3
3
4
19
8210
4
3
3
40
4
2
4
537135366
7
2
6
4
17301505
66
276
16387
17179869200
2
16777235
140737488371976
131077
8.106493073162445e+16
3
5
50069
546
4398046511106
4294967555
2
524290
2
3
8
3
4
4
4
4
4
262162
8
6
131076
70368745226250
264210
4
12305
32772
4
2147485697
8
6
3
5
3
5
4.722366482869645e+21
1099511627777
18
262145
16941056
68719476740
3
2
3
1375153
6
16969
3
4
4194433
2
20
70437467914240
264232
4
134349313
9
2097153
3
524294
2
2
4
6
2101258
131089
4299162113
65538
7
3
131201
4
4
2
14
131075
3
2
4
3
4
7
7
2
3
6
3
9007199390040576
6
4
2
5
3
1073741825
140737555497481
265
4355
2
6
554517837
9077602358673408
140771856482373
22
2055
2147483656
4194310
4
8
1099511693312
81
3
3
83
516
135
4
4
130
5
4
6
4
2
2
2
131105
3
268445523
3
2253036768464064
5
3
3
2
9.223372036854776e+18
1025
4
3
67110915
3
2
532481
2
4
8388609
3
4
8389121
8
8
10
131074
24
6
4
8
281474976710669
66561
6
5
134217735
517
3
5
1282
5
258
21
7
1056789
36
2
4
12
8196
2
8195
2
1048609
288
4
4
524289
1.8014398509481984e+16
12
301990025
5
8
5
5
3
34364063900
1026
7
4
4098
8196
2
5
67
33
10
4194306
3
4
8913557
5
514
9.223372036854841e+18
3
4
5
8
12
6
16394
9131008033
4.722366482869645e+21
2.305843009213702e+18
5
13
7
5
277872641
65813
2
4
2
50
35970367504
1048578
274895208448
524293
2
3
266
32898
3
6
68
5
2199023255578
2
5
9
3
4
3
147457
2
3
131137
6
5
12291
536871041
4
2
5
3
4
2
258
8
2
34359738450
7
4
2
11
4
2151809024
4
3
5
2097155
3
2
6
6
2
2
134217792
3
6
67109125
2
2
1050
3
528400
4
67182593
4
270536706
4
8
10
2
2
1.84467440737106e+19
2
10
2
2571
4398046511108
131589
2561
5
575534
281612823063306
4
2
1155
18
4
562949953421346
69
4259873
33
1.4757395259075015e+20
4227
6
3
2097153
1027
4
4
23
9
3
5
66561
5
1048577
131073
2.305878194659787e+18
4
6
25780330496
2251799813685253
13
11
23
514
3
4
5
5
4
5
70368744177668
7
1099545214977
3
5
8197
7
2
2
4
5
6
6
33
4
3
10
11
5
641
11
2
655363
1048610
16386
3
2
5289
6
2
4
524289
16388
3
524291
2
102864
2199165880372
4398067520619
260
8
10
8200
33156
32788
131077
33619975
4099
4325379
65540
10242
285214722
69638
262914
139270
139270
264
4194370
66627
557098
1048684
135266306
16387
524549
4101
262657
133
2053
17179942916
524314
524312
4417373863941
32781
16900
265
2097808
16388
8422433
1052683
65553
2424836
2051
65569
557089
1051650
2054
276824067
49217
10249
82050
8195
1581094
8195
262881
1028
1026
16391
16578
34577842178
8388625
43151
65539
3
4
4489
516
4
9
7
2
6
17933
33686019
102
277
8323
536870917
9
3
6
2057
19
71
1090523137
524
4
68
3
268435457
2062
1037
135135232
262149
9
262148
4
6
4
5
66052
6
19
70368744177796
7
4
4198918
3
140737488355333
3
3
4
3
3
5
4
4
6
3
4
131080
36
1032
133
16395
262213
5
65601
2
5
6
4
3
36
12
7
4
135
549756077590
3
4
130
37
4
8
8
5
7
3
2
2
3
13
4
4098
1026
2
2
5
3
5
4
3
4
5
131593
5
5
2
1073741829
525
4
3
3
19
32772
9007199288311810
36241552
262150
131074
16778372
8195
514
134217985
134218242
3.777893298886997e+22
1.1805916207176803e+21
1.1805916559019847e+21
1.8014398509481988e+16
4.722366482869645e+21
1.8014398509481996e+16
3
36
3
20
517
3
2164747
2101297
1.4524108799948186e+17
34079104
3
37
32776
8
7
3
5
11
5
32
130
7
4
3
7
7
4
514
3
4
4
8
21
6
1125899906842628
3
536870915
262657
8589942794
3
6
1049604
3
2
3
67240194
268435461
4
3
7
7
5
5
4
3
16
5
11
1099511627782
2097173
35201552368901
34368127121
7
142607499
35188667187745
4259889
274877906947
549755813891
3
40965
7.205759403792794e+16
68719494223
4
70368744178721
4113
2416443396
578
4
16
4
8
4
3
1284
8796093022213
4294967311
4
2147483650
1.8014407099419136e+16
536881155
137439477761
295300
5
3
3
2
18
130
3
3
6
6
4
67109910
5
5
524566
4
6
5
2
4
2
4
6
5
4
3
3
3
4
6
32773
34078736
18
2251799814275072
6
11
131075
562949970461706
1.1805916207174113e+21
5
5
4097
2097155
4
4
2097153
536870916
1.5111573674055455e+23
2199023255555
70368744177666
35184372088834
70368744177684
7.378698069288472e+19
17592186044420
1125899906844675
2199023255554
69
3
175
6
3
4
3
3
67
5
3
10
5
75
3
131202
7
524289
4303355904
284541583360
6
3
4
5
4
4
4
4
27
4
4
5
9
6
7
5
4
12
3
3
8392779
4
4294967301
5
4
4
4
1028
4
2
19
7
4398048612370
7
12
2
5
536870916
3
4
4
2
3
3
5
3
7
5
2
7
8198
6
131075
3
1032
4
131074
281492156579847
16777226
1048593
4172
8590065736
8388747
1073776964
1099511889993
6
36
3.777893305923925e+22
4
5
8
3
4
5
4
4
5
6
5
2
4356
4294967332
551
8
22
5
2
4202498
4
3
5
5
2579
2052
6
2
4
9
3
6
6
4
4
3
2
34359738630
7
3
2
6
3
2
517
523
5
8796093022215
2
6
9
532
4
4294983681
5
260
5
2
7
3
2
5
2
6
5
3
7
6
11
4
4
5
6
4
4
4
4
2
19
3
16386
5
4
4
5
71
6
3
4
6
14
6294017
39
12313
4100
4
4398046511111
7
4
5
3
4
4099
2
34364195840
5
536871169
268534054
4128
8809514795688
7
18
6
3
3
291
8
1236950631703
283759899510784
2251799813687428
265232
137379840
2
2
2
3
65
2
2097411
515
17592186046496
1048609
16387
257
131075
5
3
38
2.973079441507789e+17
7.65612022552334e+16
260
2
524320
4
4
1048579
4
3
131
16779283
5
67108870
4
133122
43
533
1048594
32834
260
41
714
3
4
34
6
4
28673
65
896
4097
130
3
4
65540
32916
2060
67
531
9
3
3
3
130
3
2
2
4
65538
4
3
3
2
5.76460752324395e+17
5
4
524292
16777220
2
7
11
3
1027
4
3
540948
67125381
2
3
2052
18
2
2
3
5
2
4
4
4
8
5
4165
2051
131076
2
17179869218
2550136850
2.361183241434823e+21
13
13
5
2
16777217
281474976711200
4
39
4
16
2065
577
10257
4
4
2
640
268435460
2055
2
3
4
2121
4
4
2097180
2
8
515
33554454
7
66
44
5
35
67108866
17
6
4
2
3
17597554769937
3074
5
3
3
2
134218246
3
67371012
3
2050
2
2
259
2051
3
4
3
2
7
5
2
9
3
5
3
6
257
16387
2
8796093022209
3
655360
5120
2
2181038091
1048578
5
4
3
8980608
17895425
18
72
10
45
198
32777
515
6
2
2099
5413
4101
3
4
5
1048578
5
3
3
3
2
2
1048579
13
2051
6
2050
513
2101504
3
3
10
67174416
258
3
9
2
2
2
4
4503599631565056
3
3
4
7
33570819
2
2
1048577
3
4100
100
5
3
5
2
1027
67108867
3
5
6
2
15
4
2
4194312
14
67108867
6
512
2
2
4194305
16386
536903747
8796093022211
3
2214615077
5
4
2
1030
2065
33562625
8388610
16386
1073741825
17592186060801
9
526357
2
2
2
13
3
262145
4503616874348544
33796
5
2
3
2
162
2
2
2097156
130
8193
8193
9
2
4112
6
19
16396
4
2
4
132
1048649
134217729
3
268435458
1075839250
4
3
3
2
4
6
2
2
3
4097
2
4
66
3
4
5
4
4
9
129
546
2
24
2
129
4
3
6
2
273
2
2097156
38
2
515
2
3
2
2
4
2
2
2097153
4
3
2
2
3
2
6
3
3
2
2
2
2
8796093022336
2
2
3
2
2
17
1.1529215046110413e+18
2
4
536870916
2
2
3
2
3
3
2
2
2
18
266
2
2
70369817919491
16777217
5
131075
6
2
4
33554436
1026
515
2
3
65
3072
2
2
4136
65588
3
2
9
65
7
6
2
278530
33805
258
4194307
4
4
4098
1048581
71303681
537133098
67113088
131140
6
2
18
403
3
3
4
3
65537
1048578
2
2
3
3
65
65664
3
33
3
3
514
2
1026
2
5
20
