2
64
64
134217728
24
3
192
3
10240
96
6144
20480
58368
2112
96
80
1.8040339243335638e+21
24576
57344
4
160
1024
3145728
2560
28672
24
32768
7247757312
851968
671744
44
1280
8
56
192
12
1536
4
640
5120
2560
4
640
18874368
10240
3
128
8704
1024
155648
96
3670016
128
64
768
112
5767168
14
196608
851968
24
832
6144
12
3145728
10
6144
3072
1024
192
23552
3
2
114688
2
147456
7
3
20971520
1344
8192
416
12
1507328
1536
2
640
2048
48
192
20
32
6144
48
384
4864
5
768
40960
896
3584
8
20
8
3
10240
6
64
3
5
416
2
2
21
7
3
2
2
3584
128
112
12
3
512
256
192
2
20
128
12
24576
368
9
1024
4096
36864
139264
819200
63488
3072
3
48
65536
48
11
2
64
720896
64
1280
39936
5
2560
327680
31
5
192
2048
4
512
8
10
24
768
2
8
40
6
512
128
278528
12288
2560
512
6
24
384
3328
448
106496
148
36
768
2
6144
256
6
8
80
3072
96
448
5120
44
10
49152
1664
24
2
343597383680
10
6
1152
4
4352
2
160
13
384
4
3
1920
245760
10
5
24
10
28
768
2816
320
3145728
2
12
8
256
416
2751463424
128
48
8
32
352
160
25600
4608
24
11
80
116
37888
3328
2048
272
1216
10
20
16
5
2
6
45056
15569256448
160
192
160
48
512
192
6
2
88
2
1024
3712
72
224
7
80
128
768
736
3072
96
1024
96
480
20480
12
40
2560
655360
32768
36
2
16
576
2
256
5
320
352
3
96
20
5632
192
384
24
7864320
752
212992
12288
48
18432
40960
8
208
24576
3
14
5.789916455903364e+24
2
1024
4096
3
768
2
320
48
20
16384
24
5
2
3
4
48
1536
640
10
2
3
8
14
288
10
52
2
640
640
10
2
3072
21
1024
3
1280
5248
28
608
512
8
5
4608
2560
48
384
3
1536
4
128
6
2
128
2
8
2176
256
4.353266318568554e+26
2048
4
384
28
10
6144
256
3
4
448
131072
3
49152
2
49152
3
2432
2
6144
384
18
3
960
80
10
5
512
640
20480
640
36
896
4
1024
2
7
8192
1792
2560
1024
6144
12
294912
640
2
20480
24
352
6
3072
2
256
192
6
622592
40960
14336
464
2048
3072
28
73728
8
8
48
16384
48
10
256
4608
16
5
384
32
40
1024
960
28672
1536
294912
96
512
24
3
1024
1024
180224
2
65536
1664
44
4608
96
2
1856
6
64
5
4864
320
5
128
22528
3
24576
64
96
2
1280
176
384
14336
25
7
5120
2048
4
224
27787264
3200
57344
1152
24576
3584
40
704
2048
64
12
12
2560
49152
20
3
3584
8
12288
6144
6144
8
192
163840
1536
112
320
2048
3
640
48
6
5
21
640
180224
98
5120
448
768
5
10
16
14
256
3
640
12288
9216
504
16384
4
8
256
9216
256
14336
896
13
4
2
512
49152
49152
35
800
267776
768
15
16384
8192
1024
38
6144
24576
96
3
24
2
448
6
7
640
5120
9216
8192
768
2
2
132096
2
10240
1888
1344
128
42
32
4096
232
32
2
28672
128
512
80
20
26624
4
393216
139264
6
128
2
4096
2
320
224
400
128
131072
2
5120
6.157523171804248e+23
49152
7680
16
39936
12
2.668382779217019e+19
768
3328
3584
2
35651584
4
3200
36
1024
6144
1120
57344
16
3072
5248
458752
32
3
84
384
2048
33554432
1024
12
96
10
65536
224
48
96
320
5120
512
8192
192
24
2
4
212992
6
2
544
192
10
19
14
8192
1216
512
20480
8
3072
256
512
43
1024
6
48
10
960
576
24
48
425984
96
7168
2097152
1179648
19456
3
160
196608
6
13
12582912
512
2
512
2
16
256
80
120
896
6144
64
256
16
40960
12
6
1024
3584
4
60
320
28
2
6144
163840
4
6
3
10240
2
6
12288
64
512
12
6
192
96
1536
152
384
8
393216
320
20480
16384
288
320
112
5
32
1472
8
160
2048
256
96
297952
12
640
2
768
832
256
3072
256
75497472
384
2048
6
2176
6
24
448
48
20
14336
98304
192
896
448
6
96
104
1536
768
2621440
2
6
12
2
2
4096
40
896
20
7
48
2304
65536
512
576
65536
8
655360
10
16
11264
1536
704
1310720
1024
4096
12288
36864
112
2
96
106496
1536
6
15872
80
12
3200
96
8
7
2
32
5
2560
512
320
81920
1572864
328
3
4
20480
5
96
768
7680
384
6
784
2
135936
80
4
4096
320
40
640
1408
192
6144
6
18432
2048
3
2560
34816
12288
16
2
30720
640
12
1024
896
17408
704
13
33
320
12288
32
2816
384
2048
524288
2560
10485760
3424
3
34
2
5
768
256
4831838208
2
16
4096
12
2
320
896
640
1376256
256
30
80
12
1536
768
8.239348920986813e+24
96
3072
8
112
48
4
576
4096
96
1920
36
6
16
90112
1664
1024
14680064
676069376
2
512
224
24576
10496
6144
128
2
16
11264
320
768
96
8
20
192
1280
1536
2
6656
12
144
98304
20480
5
576
2048
12288
3
192
801536
81920
56
13312
6
18432
1188864
12288
160
2
2
16
11264
224
7168
6144
2432
5
3
17
5376
10240
128
12
88
384
16
28
160
12
640
1728
192
4
48
16
2816
4
112
352
6815744
12
3200
1024
64
32
128
16384
44
656
2064384
6.008083377888952e+17
120
128
256
3584
1280
229376
5
7
4
128
18874368
152
43008
1152
16
512
4
88
655360
20971520
8
9
16384
128
2048
96
5
256
12
52
8192
1024
4
1024
1536
2
12
45056
32
2816
6144
2
512
2
448
6
1088
768
26
4
12
2
64
5
368
9728
2560
6144
96
48
32
768
19456
224
6
16
896
1310720
6144
160
384
9
6
24
16
64
2816
80
104
384
200
348
2
104
18432
3
163840
1536
4
49152
4
512
6
4
6144
384
4063232
512
81920
5
2304
1.2665563304046593e+21
98304
16
40
2
896
512
32
7
192
3
229376
14
3360
22016
10
96
512
4864
384
3072
12
2
192
37748736
2
136
7
752
6
1024
40
3
12288
5
4
192
512
20480
17408
1024
48
3
128
1280
24
6144
512
81920
2048
24
1024
1280
24576
48
2
4
576
2
640
2176
29
12
3
4
2560
4
576
48
12
448
196608
24
192
3
576
1536
192
2
4
48
151552
1536
1792
32
40960
28
3
4
64
32
1536
65536
208
96
230686720
1152
128
3
36
1376
57344
4096
576
2
12
192
2560
83886080
12
2560
9984
48
56
256
3072
72
2
131072
320
9728
384
480
272
24
512
10
3
1792
96
3
40
139
1408
8704
4096
4
832
40
2
63
256
64
32
3
448
10240
192
2
768
320
256
1280
1024
79
16
48
8
128
1024
640
12
2
48
1024
180224
98304
24576
384
118784
2
64
64
2
2
60
44
4608
320
512
6400
26624
4096
2
6
160
1024
512
512
131072
24
2
28
384
1024
256
192
2
7
104
13
5
8192
2
4096
8
2048
40
960
69632
8
9
1024
768
96
12
4
6
4
4
65536
1867776
3
1536
896
2
4
22528
48
576
32
1536
1024
3072
65536
14336
24
20
2
56
1924145348608
49152
128
11
6
32
10752
3
81920
2
896
6
98304
2
2
15
10240
40
6
1280
24
32
33554432
384
4096
32
2560
5
27262976
2
12
832
64
2
28
84
5
12582912
64
16
3
3072
68
64
768
64
18432
8388608
2304
2
29184
768
393216
524288
24576
1600
192
2048
5606735872
16384
320
4
448
8388608
208
20224
7
1572864
80
96
3
26
384
640
1536
312
50
32768
2
448
10
3
3
12288
1536
1280
3
3
48
112
2
32768
12
6
3
48
13312
512
224
80
10240
16384
12
8
4
2048
140
52
180224
1920
5120
48
6
1536
12
524288
24
12
352
416
640
48
40
256
256
128
1152
2560
106
192
64
48
128
3072
640
6
2
16384
160
36
512
2
16
16
704
6144
1536
96
12
1024
48
34816
5
24
512
208
4608
4096
384
1207959552
1536
6
14
416
832
5
1088
11
12
320
112
2
2
96
48
2560
786432
32
128
12
96
16
3
7680
2048
6291456
136
4
560
24
8
4
96
14336
1152
64
96
48
116224163840
224
20
224
480
2
262144
72
14
1024
11
2048
160
1920
128
30
232
4
1312
1792
20480
6291456
144
18432
1344
6
12
6
512
589824
2
12
12
24
160
4
12288
7.243229352692516e+20
2
35651584
32
60
7168
384
384
2048
2
8192
12
118784
12
256
64000
80
160
14
128
64768
6
4
3072
65536
25165824
512
96
256
114688
24
12
4096
6
1152
128
4
3
7733248
24
9216
9
1536
256
64
5
12
2
32
9
256
96
4352
8
1536
32
576
24576
3
61440
39
25165824
1792
20
1572864
8
5120
768
12288
6
6
40
3072
1024
16
16
4
17408
4096
8
2
6815744
2
3
768
256
6
1024
73728
3
320
256
5
7168
384
3584
18
4096
320
6
320
4352
3.621974964316448e+20
229376
384
80
192
6
16
6
2048
3584
10
2
160
22528
2
2
5888
2490368
27262976
384
96
64
3
819200
768
176
160
1024
7
144
20
2048
34
64
40
288
32768
96
47104
4
3
6144
3
40
8
16384
160
112
384
192
5376
10752
24576
268435456
12288
6
7
16
384
176
256
288
32768
557056
192
5
320
24
3
5120
4608
192
5
11
9216
2560
768
48
2
24576
192
192
9216
3072
2
48
13
2176
4096
2
12
512
3
1408
8192
4096
512
24576
384
2816
4608
512
384
18432
4352
20
98304
48
8192
13631488
2
192
1280
60817408
32
163840
2816
640
80
272
6
24
80
768
3
1536
448
11776
4
24
512
56
20
3584
5
49152
12288
24
40960
40
32
256
65536
8
17920
3584
1792
1024
1536
160
96
272
3
2560
6144
256
2176
4
23
55296
96
128
44
2560
5120
4
4640
3
1152
6144
2304
768
576
848
18
768
34
2
112
128
294912
128
768
9088
6144
23
2
9
1024
64
10240
44
7
160
64
1536
12288
112
3
53248
2
3584
131072
320
180224
208
32
1179648
12288
1536
192
40
768
256
6
192
917504
2048
64
768
12
491520
256
3
1536
96
6
52
5120
13312
2
48
866176
84
24576
40960
256
50
7168
2048
3
512
672
2048
2
736
12
5120
32768
512
1792
36
128
3
36700160
32
32768
192
576
9216
1056
12
48
32
2
24
192
2
7
16
22
16
6144
48
768
80
22528
3
17
14336
5
10240
128
576
393216
512
24
128
8192
16
128
384
64
8
576
768
3
48
655360
384
576
12288
18
3
48
2
28672
2
160
20
29696
352
201863462912
1536
262144
2
5
20480
16
576
7168
10
26624
2560
112
32
3
2
2
6
1536
16
65536
6
20
3
3328
3
24
1536
48
1600
6528
12288
8192
2
12
8192
1152
256
24
44
288
77824
256
20480
10240
8
384
72
64
4194304
88
12
2
208
8
384
8
73728
3
80
20480
524288
2560
12
4608
8
1088
8192
80
245760
2
1536
352
16
13312
24
1280
2048
4
12
2048
384
1536
768
16
3
6
240
2
1152
224
4
229376
2688
512
48
88
196608
56
320
8
128
768
2
10
81920
10240
10
14336
64
1536
512
3
3
384
17
1048576
3
425984
6
2560
24
96
72
2
384
6144
192
10
17408
18432
40
20
3072
1792
2944
384
1792
64
576
16
4
7870464
49152
96
640
4
64
2
12
43520
2048
40
2
2048
16
1024
1474560
4325376
2304
448
3200
131072
8
2
20480
48
1024
128
2
96
11008
393216
32
147456
448
2
80
384
20480
20
8192
768
256
6
9216
1280
9216
8
9
4096
640
1409024
122880
4
1408
262144
26624
2
42
192
576
4
3200
8
33030144
384
4
352
17408
64
16
60
48
1280
4096
160
768
1536
360448
10752
768
256
2
24576
44
4096
128
1536
29696
1280
48
4608
512
45056
12
384
1280
256
440
2
1280
12
20480
448
9
9
4
192
768
73728
3
39
20480
2
576
67108864
2
88
96
256
6
24
2
1024
96
60
160
24
28672
22
72
10240
320
768
64
256
3
768
384
4608
20
1088
1024
335872
28
1024
152
4096
67584
2
24
20480
1120
88
12
224
224
192
4
1536
4
7
512
560
14
320
2816
24576
64
7
3
3776
4
2304
288
320
12
7168
28672
448
15
14
1312
1344
576
12
28
2
18
512
1152
40960
88
5632
60
40
3
23068672
26624
10752
68
32
34
168
224
2
736
160
3072
96
4
15
9
3
262144
2
6
2
5
256
208
6
5120
768
448
1152
9
135168
384
2880
188
88
84
16
5120
1824
312
327680
3
32
20
18
768
896
28672
768
3698757115838464
5.586625265760553e+20
103515422720
3.0466851479161405e+18
4
216
12
122
384
88
144
11
33
19
256
768
7168
3
16
1120
17920
2560
24
128
40960
11264
2
100
20
1677721600
4
384
139264
1024
98304
3072
2048
2176
1536
2
80
3
4
1408
20
9216
10
1408
512
2048
24
144
3
24
160
768
1280
1792
960
1024
33280
768
144
16
5
32
19456
45056
4
1280
160
10240
88
147456
2
48287744
8
3328
3
4096
57344
1024
416
10
6
48
4
3
6
8
80
15
2112
768
1152
172
17408
90112
128
64
40960
704
96
48
10368
14
192
1024
5120
1280
10
2
144
61440
16
3
4096
320
96
128
6
32
3
1024
1280
2
262144
3072
128
6
10240
40
9
3145728
2560
24576
36864
6144
2
6
4
64
5120
768
6
6144
10
720896
464
120
192
96
768
3
7
28672
20
5
3
4
5120
7168
8192
16
10
40
24576
9
9728
1024
24
36
448
2304
24
6
2
480
3
250656
6448640
960
6
3072
8192
9216
5
67584
3072
768
5767168
17408
1536
8192
1280
4
4
3
1024
2
128
6144
768
131072
19456
48
3
21504
34
512
40
4608
56
5632
33792
280
1792
160
13
1.81181614448966e+21
241664
19
140
560
458752
7
4
84
14592
4
1344
3276800
54001664
5767168
3584
96
8
336
24576
768
2
3
2560
3072
384
8960
3456
1280
3
1792
3072
16384
28672
192
30720
7680
12
32
160
2
320
3072
114688
491520
2
768
5120
128
128
144
1536
96
64
8
2048
12
10
2
304
32
1024
192
20
76
4
39
19
36
120
3
4
3
52
54
4
5120
3072
64
24
2048
192
320
2048
1024
2176
4096
49152
1280
128
96
77824
22528
262144
458752
11264
33792
16
51200
192
128
13312
2048
1280
2
64
48
5
640
8192
96
12
1280
80
229376
24
48
3
12
2
6
64
2
64
320
512
2048
1024
12
8
2176
1280
16
6656
768
1152
196608
2550136832
28
8
128
17
12
2
28835840
3200
52224
3023656976384
16384
12
3
36
14680064
2
2
160
352
4
96
72
2048
54
192
2
12
384
9728
56
24
24
192
256
768
256
4
8192
1536
704
8192
6144
128
8192
464
2432
983040
832
102
1216
720896
544
16640
95420416
1792
10
786432
20971520
2
22528
36864
4
3
655360
6
2
1536
2816
576
896
48
512
462848
2
6
2
2
200
3
10
2
245760
4
2048
28672
163840
262400
16
2
163840
2688
6
1277952
8192
8192
2
2
4
16384
448
80
320
96
2944
20480
7
10
49152
2688
768
16
3
2
4
24
3
11264
112
80
3
147456
83
960
20480
1536
512
10240
7168
7
6
384
5120
1536
6144
80
1024
16
6
3072
192
768
10
448
3407872
96
152
4608
1557856256
2048
3584
5120
65536
24
24576
655360
4
2
2
1792
5120
3
384
10240
384
3
40960
48
2560
20
3
73728
1152
16384
1536
24576
3
1536
8
3
5
12
28
7
40
2
192
62
64
7
10485760
480
48
6
72
2
57344
208
640
12
16384
64
10240
14
16
64
64
2240
12
6
4
6
4
48
9437184
2
5
8192
2
2
2
2
8
160
2
2
1280
96
65536
384
3072
512
3328
768
458752
768
100663296
12288
128
32
229376
9216
6
2
4
8192
256
2
104
7680
4
24
6144
5120
10
8
6
38912
65536
9
1024
2304
8
6
12
2
2
768
148
1130496
7168
5120
256
917504
1280
5
128
64
48
8
3
16
4
256
5
40
3
8
2
4
2
5120
12
12
23
3
4096
2
262144
44
256
3
640
7
2
96
64
96
8192
3
3
2
10
2
24
448
16
768
4
2
167772160
1536
2
12
10240
20480
6
12
14680064
917504
11
48
768
128
2
524288
10240
512
256
640
57344
131072
768
2
4096
163840
256
48
46
832
32
40
96
10
4
56
64
16
24
3072
1536
48
5
12
77824
20480
384
160
512
128
3
24
1280
1536
5
12288
13312
9216
48
64
16
2
1536
3
2050
3072
65536
131072
3145728
1024
1024
1536
1280
6144
160
160
3
2
6
16
20
48
24
4
64
208
768
64
16384
128
48
8
16640
6
256
6144
24
3072
2
16
96
384
24
15
32768
96
1536
192
4
1536
256
7
2
2
336
1572864
4096
512
131072
2304
8192
1152
8192
1024
256
5
1280
24
3
4
24576
28
1280
2
2
3
3
2048
96
192
16384
80
2
512
96
3
4
16384
1600
2
24576
18432
14336
3
49152
20
6144
98304
768
3
2
16384
1024
2048
131072
1280
16
4
2
50331648
14336
2560
16
16
640
2
256
2
1024
384
512
24
768
64
786432
786432
32
32
24
4
2
768
106496
9
5
32
24
1280
16
4
160
12
6
2
2
75497472
4
2
2
3
1024
768
256
384
384
768
12288
8
8
8
3072
384
28
2
256
