35
51
20
31
34
42
37
25
28
47
31
21
35
46
38
42
37
37
47
67
22
43
61
61
40
70
47
32
31
42
43
57
26
33
32
32
35
25
27
30
28
40
34
25
33
26
26
16
46
59
67
57
49
61
56
57
53
74
62
44
60
58
51
57
27
35
38
23
38
27
43
27
36
42
41
31
40
44
32
47
57
66
57
55
74
49
59
44
62
73
69
42
63
54
68
58
40
43
35
56
28
42
62
51
36
65
40
29
29
46
42
55
61
67
60
54
62
50
60
65
65
88
55
43
61
63
80
69
31
40
37
28
46
44
48
43
56
51
36
34
27
48
52
51
23
27
19
37
27
20
23
13
20
29
28
23
28
19
14
12
55
58
61
83
47
51
49
54
62
83
58
53
67
53
61
60
14
24
23
30
24
24
23
29
34
36
35
17
20
25
37
34
28
31
55
20
47
34
42
42
50
44
35
44
39
42
31
31
36
43
43
42
50
39
60
49
64
64
50
41
37
56
62
70
98
111
92
92
99
93
86
78
92
123
81
77
105
96
96
84
21
24
40
30
29
18
37
27
30
38
40
32
38
33
20
35
32
39
35
61
35
33
46
43
37
58
46
36
36
36
31
31
37
45
64
61
54
40
59
69
65
78
68
47
49
50
60
55
34
55
44
51
29
44
30
35
26
60
53
29
61
48
34
43
51
66
51
80
23
56
45
55
31
85
51
39
68
59
43
56
45
51
74
43
77
48
67
59
86
73
70
58
58
63
73
72
9
11
8
7
11
8
11
10
9
13
9
6
8
10
11
9
53
45
67
70
56
34
49
58
69
78
60
48
59
40
71
57
42
42
60
51
41
40
58
45
43
61
52
43
52
47
35
51
52
59
64
36
67
53
51
60
72
74
54
39
53
56
82
64
43
52
54
56
69
38
53
39
64
64
68
50
59
49
54
49
38
40
58
44
34
48
53
52
45
60
44
36
41
46
42
53
36
33
42
45
28
33
39
33
31
47
40
22
35
27
37
41
51
70
72
44
65
68
66
59
66
79
61
58
70
79
56
67
21
13
23
29
28
13
26
17
31
24
21
24
16
12
21
16
25
24
39
21
27
30
25
37
39
38
19
27
25
28
35
28
28
29
36
39
20
26
31
36
26
46
35
18
31
26
35
37
58
64
71
54
63
60
72
62
78
86
63
54
65
75
80
92
24
45
30
59
25
40
41
49
29
62
47
31
36
44
28
32
46
66
64
59
57
62
69
71
64
87
56
65
63
79
47
56
56
47
67
56
59
27
40
41
57
67
52
50
71
39
55
43
30
28
38
30
19
33
29
34
29
41
21
23
29
29
31
34
26
40
32
43
23
34
30
35
21
49
42
19
37
33
29
31
65
74
86
46
71
58
59
60
66
87
72
48
86
70
78
77
37
35
31
41
27
32
41
25
26
43
34
19
31
29
34
42
31
38
41
26
46
33
48
37
52
50
40
38
38
50
46
54
43
47
31
36
39
40
53
30
34
51
36
25
35
45
42
52
20
26
30
16
28
20
30
18
26
30
32
22
32
32
24
36
44
55
60
25
65
36
42
41
58
62
59
37
64
54
66
59
49
57
73
70
69
57
79
72
75
85
63
75
60
69
44
48
23
42
42
51
38
32
48
44
38
59
54
47
49
52
21
35
60
71
60
83
63
57
64
66
72
96
67
57
68
67
74
68
62
61
70
61
78
56
90
68
81
86
55
74
58
74
57
62
46
67
70
52
71
63
47
64
68
78
68
49
64
58
64
42
11
32
19
33
21
28
15
25
23
36
37
17
28
28
25
22
51
58
78
54
66
43
57
49
56
73
77
49
77
54
53
56
35
47
46
26
42
46
34
41
37
50
37
27
41
41
40
31
15
21
9
21
15
18
26
21
15
27
14
15
11
23
14
17
44
65
29
46
38
56
49
33
29
61
46
23
46
56
44
54
53
67
64
66
54
66
82
72
60
90
62
55
57
76
54
70
33
59
37
41
51
54
50
45
51
63
50
41
45
63
46
49
44
44
35
23
52
44
50
35
51
47
21
37
29
46
45
39
33
61
67
64
57
49
54
63
61
83
86
51
71
66
56
62
45
50
65
40
57
57
56
64
69
70
52
39
42
52
71
61
30
37
64
31
53
36
42
54
61
58
56
39
46
43
56
48
48
47
57
61
35
54
66
70
53
78
38
46
39
55
49
56
50
56
63
46
71
50
47
48
60
63
52
50
57
45
48
26
11
12
21
12
14
11
16
17
18
20
14
18
18
18
12
16
41
39
30
37
32
28
29
25
36
47
21
31
41
36
40
38
36
37
66
26
44
38
39
47
57
55
34
52
55
52
41
46
48
61
45
57
58
47
51
40
59
70
54
49
60
60
56
57
49
57
48
80
50
49
60
56
51
78
49
59
54
54
34
32
54
78
96
87
73
74
86
96
86
115
101
71
84
88
77
86
60
81
47
61
48
64
48
47
46
84
52
39
72
71
64
67
45
71
47
51
45
56
39
41
30
69
64
23
64
53
50
48
46
47
62
48
37
52
50
57
46
67
45
33
46
45
52
53
38
42
52
34
33
44
30
46
46
56
23
43
48
47
39
36
28
46
30
27
35
48
34
35
33
45
28
29
32
45
29
27
71
69
102
66
80
64
67
77
87
97
76
63
84
65
86
73
14
29
22
20
21
21
12
17
14
28
31
13
31
23
18
16
21
26
32
18
32
23
19
26
29
31
28
19
27
21
29
17
25
38
42
35
41
34
34
43
46
52
49
28
37
38
48
41
48
42
70
61
56
44
62
53
69
69
59
54
54
48
56
61
36
30
26
33
47
21
39
18
40
35
30
29
27
24
35
27
33
35
50
42
33
25
44
44
44
59
39
46
51
49
35
49
33
54
20
45
39
46
52
42
37
60
38
32
31
55
38
42
93
103
94
73
89
88
80
78
82
115
77
60
97
88
99
88
50
55
47
37
49
60
63
50
54
64
38
34
36
57
59
63
35
52
28
43
41
48
48
38
45
58
46
26
34
51
54
58
31
49
38
48
34
48
42
47
37
60
45
31
39
47
38
39
30
37
31
28
42
34
47
33
49
47
40
27
28
44
52
58
15
18
15
33
8
16
27
30
14
34
15
20
14
22
10
15
45
45
41
31
51
43
49
38
51
52
31
35
35
44
50
44
55
63
85
60
59
52
67
73
58
90
74
51
75
64
60
64
21
22
39
25
32
15
31
18
30
31
39
30
39
28
20
32
36
61
76
51
64
62
54
67
76
80
72
62
69
73
59
61
56
62
63
41
57
45
54
44
60
74
53
48
73
68
66
77
37
49
40
58
43
35
40
43
36
62
49
38
49
40
33
25
42
66
40
39
50
51
42
36
36
62
56
26
56
55
50
49
43
39
50
52
30
41
48
60
52
69
26
45
39
48
48
49
38
39
57
40
34
29
36
37
46
58
44
41
61
48
46
60
11
13
25
15
18
10
14
18
24
23
24
16
22
17
23
24
47
43
54
43
51
31
45
38
54
59
40
48
56
46
47
47
50
48
73
63
40
44
53
53
57
76
60
47
68
54
59
75
29
29
35
57
15
32
50
49
29
57
38
25
24
33
32
45
