28
22
15
41
34
21
23
28
43
29
39
32
22
24
41
31
26
25
26
52
61
31
31
42
49
30
36
42
24
49
42
51
50
62
56
86
67
62
68
71
73
71
58
71
65
67
71
71
16
14
10
12
10
10
16
10
14
10
14
8
14
8
18
12
38
42
49
55
48
29
34
47
55
44
42
37
47
40
54
47
53
47
57
97
52
53
46
76
77
84
76
69
62
49
89
70
36
19
23
39
33
24
21
33
47
22
23
25
29
23
42
38
16
14
12
30
32
16
12
21
33
17
24
27
14
23
21
21
60
56
71
77
60
47
48
63
78
58
57
53
73
64
64
71
29
30
29
44
28
19
24
27
46
36
37
31
36
37
32
40
52
49
64
82
60
47
54
73
74
68
78
59
74
71
67
74
26
17
43
40
20
23
17
42
30
35
35
23
41
28
34
35
56
57
42
83
62
60
66
57
76
63
62
70
58
68
65
73
30
21
27
31
23
28
17
19
30
16
8
23
23
23
22
30
23
38
36
68
60
27
34
52
63
56
59
55
41
58
48
53
18
12
18
39
31
19
12
34
35
28
29
29
18
18
37
26
61
75
72
108
108
64
67
77
102
76
86
90
69
97
80
90
37
18
39
38
33
29
23
42
36
24
38
24
38
27
41
35
24
27
27
40
34
29
41
39
29
34
25
26
30
36
44
48
44
37
43
39
45
38
41
43
45
24
33
31
47
35
42
36
65
59
76
84
62
54
65
76
72
70
73
53
78
67
86
84
50
40
38
59
50
47
49
61
60
44
39
44
48
26
74
45
35
35
29
55
67
35
34
46
63
32
48
51
34
44
46
38
26
22
25
28
28
22
24
26
30
19
30
23
29
26
25
24
55
42
56
60
45
53
55
70
58
48
52
45
70
42
63
50
13
13
9
21
19
17
26
19
13
17
15
14
12
21
25
29
47
46
44
86
100
57
52
63
81
48
66
76
41
83
61
77
49
35
41
73
49
45
36
51
61
54
69
56
43
44
64
54
46
47
57
55
64
36
57
62
60
40
37
32
61
61
62
72
37
20
24
51
36
26
22
37
50
35
47
35
29
28
51
42
35
31
40
61
40
47
29
49
46
45
28
49
35
30
50
41
53
45
35
58
57
44
63
54
57
43
52
40
46
43
77
62
41
32
42
37
49
38
32
30
37
14
19
28
31
40
33
43
55
49
49
59
75
51
54
45
64
28
38
48
47
68
48
68
31
32
34
57
54
44
53
60
48
44
48
48
47
57
47
56
25
37
47
63
49
33
37
58
54
55
49
49
52
56
43
52
20
20
20
35
25
35
40
40
20
30
10
25
25
25
40
40
43
30
36
60
64
45
48
61
55
37
38
42
38
46
68
64
82
70
67
101
101
77
76
89
112
63
67
83
81
77
93
86
36
28
32
52
44
40
26
40
47
32
25
42
28
28
46
38
21
27
34
44
19
32
24
38
30
41
15
33
33
21
35
30
94
92
89
123
104
83
89
91
125
88
88
95
100
103
102
112
56
37
41
41
52
38
54
43
52
19
24
21
48
49
55
68
13
15
15
24
7
18
16
20
16
24
11
18
18
9
22
16
61
50
46
62
51
43
57
52
70
47
70
47
65
53
62
57
75
55
61
96
85
72
77
96
97
66
64
70
79
70
100
93
16
31
35
52
37
23
23
43
46
47
36
42
38
39
33
35
32
24
32
52
36
34
30
48
46
41
50
42
41
35
43
37
76
45
66
64
39
59
58
71
68
46
38
37
80
40
76
68
81
55
67
66
58
56
55
51
73
38
53
43
68
55
69
71
47
26
33
45
37
32
43
38
45
28
35
23
41
47
50
67
61
66
64
91
94
66
62
78
94
61
64
80
68
70
75
66
10
18
26
30
14
14
12
26
22
30
14
20
24
18
22
22
65
61
80
102
66
72
60
75
73
80
69
74
70
74
82
89
89
61
81
96
86
80
63
86
96
57
57
70
78
62
96
84
51
37
53
54
55
50
42
45
46
29
34
39
43
51
48
59
16
13
9
20
6
11
14
9
15
19
25
14
13
11
20
16
53
45
60
79
77
41
48
75
83
55
57
51
63
65
78
80
62
48
68
74
63
64
48
64
67
47
53
60
65
60
56
61
21
9
12
24
21
12
9
18
30
12
15
15
15
15
24
24
54
37
39
50
54
39
45
41
57
26
33
32
42
46
56
62
41
46
35
67
52
48
38
33
56
47
51
62
33
49
43
45
46
23
39
51
39
34
31
43
48
32
44
31
41
41
50
56
18
26
26
39
37
17
23
31
43
30
32
32
33
42
22
35
17
16
15
38
39
17
17
31
40
25
31
31
19
29
31
30
73
54
71
91
72
74
63
74
72
62
68
67
65
66
85
83
36
27
29
36
21
19
24
23
41
27
27
20
35
28
35
40
31
20
27
35
36
26
12
18
37
13
15
27
18
29
23
33
58
67
75
104
75
71
56
75
88
80
68
88
74
79
66
75
12
28
32
45
46
19
30
41
39
38
34
34
33
51
30
46
45
55
54
81
93
53
59
71
80
54
60
69
56
78
64
72
36
30
25
54
37
36
31
33
45
39
38
42
26
31
49
43
54
44
46
58
47
54
69
64
48
47
42
38
57
44
75
66
34
23
33
45
24
30
29
39
37
38
51
33
41
32
39
36
25
17
35
38
31
24
29
41
27
30
35
21
34
38
38
47
27
31
27
59
70
33
43
56
60
40
55
51
37
58
49
53
54
43
44
47
56
42
48
46
60
25
31
35
51
44
51
51
53
35
47
56
32
50
35
43
52
36
18
39
48
35
47
53
16
21
18
33
37
22
32
32
31
24
24
27
25
39
26
38
58
39
48
50
51
33
40
50
68
29
33
28
56
39
61
57
28
40
41
59
46
25
28
39
59
48
48
47
45
54
34
47
45
44
50
83
79
40
35
61
88
54
59
65
52
70
58
70
46
43
37
44
58
41
59
43
45
27
37
32
41
49
55
57
31
29
33
50
47
24
26
45
52
37
40
35
34
30
53
39
42
26
47
62
65
46
29
50
50
32
44
47
32
52
50
58
31
27
29
38
47
32
27
27
35
18
23
31
20
34
34
37
73
82
74
118
101
85
91
93
101
90
82
96
80
93
102
102
28
26
31
46
49
40
27
32
34
24
18
39
18
38
34
42
22
16
25
28
28
24
18
20
20
15
20
21
17
28
21
30
75
63
88
99
86
65
54
80
91
68
82
72
78
76
85
83
5
15
5
20
25
10
15
15
25
15
25
25
15
25
5
10
65
58
57
71
52
60
61
61
72
53
41
54
68
48
69
62
31
40
34
64
32
37
38
46
51
60
47
51
43
36
52
43
43
39
40
38
48
36
39
35
45
21
33
32
41
37
38
35
40
30
29
42
46
32
44
40
51
24
27
29
42
49
40
57
60
46
45
48
49
36
52
45
66
30
39
30
60
47
56
59
24
17
34
33
32
26
18
28
24
19
23
23
24
33
24
35
27
25
21
31
21
29
36
31
25
27
19
22
28
19
39
31
42
28
46
53
50
41
36
46
45
32
47
39
43
54
41
56
44
49
47
74
72
65
59
59
60
48
36
66
46
68
52
68
