000100000001
001000000001
001100000001
011000000001
011100000001
001000000001
001100000001
010100000001
011100000001
100100000001
000000000001
001000000001
010000000001
010100000001
011000000001
000100000001
001100000001
010000000001
010100000001
011000000001
011100000001
100000000001
100100000001
000000000001
000100000001
001000000001
010100000001
011000000001
100000000001
000000000001
010000000001
100100000001
000100000001
011000000001
011100000001
001000000001
010100000001
011000000001
011100000001
100100000001
000000000001
000100000001
001100000001
100000000001
000000000001
000100000001
010000000001
010100000001
011000000001
011100000001
100000000001
010000000001
010100000001
000000000001
001000000001
011000000001
100000000001
100100000001
000000000001
000100000001
001000000001
001100000001
010000000001
010100000001
011000000001
001000000001
010000000001
011000000001
100000000001
000000000001
000100000001
010000000001
010100000001
100000000001
000000000001
000100000001
001000000001
010000000001
011100000001
100000000001
000000000001
000100000001
011100000001
001000000001
010100000001
100000000001
011100000001
100000000001
100100000001
000000000001
001100000001
011000000001
100000000001
100100000001
000000000001
001000000001
001100000001
010000000001
010100000001
011000000001
100000000001
100100000001
000000000001
000100000001
001000000001
001100000001
010000000001
011100000001
100000000001
100100000001
000000000001
001100000001
010000000001
010100000001
100000000001
100100000001
000100000001
001100000001
010000000001
011000000001
010100000001
011000000001
100000000001
100100000001
000100000001
010000000001
010100000001
011100000001
100100000001
000000000001
000100000001
001000000001
010000000001
010100000001
011000000001
100100000001
001100000001
010100000001
100000000001
100100000001
010000000001
011100000001
100000000001
100100000001
000000000001
000100000001
001000000001
010000000001
100000000001
100100000001
001000000001
010000000001
010100000001
011100000001
100000000001
100100000001
000000000001
000100000001
011100000001
100000000001
000000000001
010000000001
011100000001
100000000001
000100000001
001000000001
001100000001
010000000001
100000000001
100100000001
000000000001
001000000001
010100000001
011000000001
011100000001
100000000001
100100000001
000000000001
011100000001
000000000001
010000000001
010100000001
011000000001
011100000001
000100000001
001000000001
001100000001
010000000001
010100000001
011000000001
000100000001
001000000001
001100000001
011000000001
011100000001
100000000001
000100000001
001000000001
010100000001
100000000001
000000000001
001000000001
001100000001
010000000001
100100000001
000000000001
000100000001
001000000001
001100000001
001000000001
010100000001
011100000001
100100000001
000100000001
001000000001
001100000001
010000000001
010100000001
000000000001
001000000001
001100000001
010000000001
010100000001
011000000001
100000000001
100100000001
000000000001
001000000001
001100000001
100000000001
000000000001
001000000001
010100000001
100000000001
000100000001
001100000001
010100000001
011100000001
100100000001
000100000001
001000000001
010100000001
011000000001
100000000001
100100000001
001000000001
001100000001
011000000001
011100000001
100100000001
000100000001
001100000001
100000000001
100100000001
000000000001
000100000001
001000000001
010100000001
011100000001
100000000001
000100000001
001100000001
010000000001
011000000001
011100000001
000000000001
001000000001
011100000001
100000000001
100100000001
001100000001
011100000001
100100000001
000100000001
001000000001
001100000001
010000000001
011100000001
100000000001
100100000001
000000000001
001000000001
011000000001
001100000001
010000000001
010100000001
011000000001
100000000001
100100000001
000100000001
001100000001
010000000001
010100000001
011000000001
100000000001
010100000001
011000000001
000000000001
000100000001
001000000001
010000000001
010100000001
011000000001
011100000001
100100000001
001100000001
010000000001
011000000001
011100000001
100000000001
000000000001
001000000001
001100000001
010000000001
011000000001
100000000001
000000000001
000100000001
001000000001
011100000001
100000000001
000000000001
001000000001
001100000001
100100000001
000000000001
001100000001
010000000001
010100000001
011100000001
001000000001
010000000001
010100000001
011000000001
100000000001
000100000001
001000000001
001100000001
010100000001
011000000001
100100000001
000000000001
000100000001
010000000001
010100000001
011000000001
100000000001
000000000001
000100000001
010000000001
000000000001
000100000001
010100000001
011000000001
011100000001
100000000001
000000000001
000100000001
001100000001
011000000001
011100000001
100100000001
000100000001
010000000001
010100000001
100000000001
100100000001
010100000001
011000000001
100000000001
100100000001
001000000001
010000000001
010100000001
100100000001
001100000001
010000000001
100100000001
000000000001
000100000001
001000000001
010000000001
011100000001
100000000001
100100000001
001000000001
011100000001
100000000001
100100000001
000000000001
001000000001
010000000001
100000000001
100100000001
000000000001
000100000001
010100000001
011100000001
000000000001
000100000001
010000000001
011000000001
011100000001
100000000001
100100000001
010000000001
010100000001
011000000001
100000000001
000000000001
001000000001
010000000001
010100000001
011000000001
011100000001
100100000001
000000000001
000100000001
010100000001
011000000001
011100000001
100000000001
100100000001
001100000001
100000000001
001000000001
010100000001
011000000001
011100000001
100000000001
000000000001
000100000001
010100000001
011000000001
100000000001
100100000001
000000000001
010000000001
010100000001
100000000001
100100000001
001000000001
001100000001
011100000001
100000000001
000000000001
001100000001
010000000001
011000000001
100000000001
100100000001
000100000001
010100000001
011000000001
100000000001
000000000001
000100000001
010100000001
011000000001
100100000001
000000000001
000100000001
001000000001
001100000001
100100000001
000000000001
001100000001
100100000001
000000000001
000100000001
001000000001
001100000001
010000000001
000000000001
001000000001
010000000001
010100000001
011000000001
011100000001
100100000001
000100000001
011000000001
000100000001
001000000001
010000000001
010100000001
011100000001
100000000001
000000000001
000100000001
001000000001
100100000001
000100000001
001000000001
001100000001
010000000001
011000000001
011100000001
100000000001
100100000001
