01010111
01010110
01010110
10001011
01101010
00111010
00111010
01011010
01001011
01111010
00101010
01011010
01111010
01000111
01010110
01100110
00111101
00111100
00111100
01011100
10001100
10001100
01100101
01000100
01001001
01011000
01111000
01001000
01000101
01100100
01101001
01001000
01001000
01101000
01111001
00101000
01011000
01101000
01100101
01000100
01011101
01001100
01001100
01011100
10001100
01001100
01001101
01011100
01101100
01011100
01001100
01101100
01011001
01011000
00111000
01111000
00110111
01100110
01100110
00100111
10000110
01010110
01101011
01011010
01001010
01011010
01011010
01100111
01100110
00110110
01101011
01101010
01011010
01001010
01001010
00110101
01110100
01001001
01011000
01001000
01111000
01001011
01111010
01111010
00101010
01011010
01100111
01010110
01000110
01100111
01000110
01010110
01011001
00111000
01011000
01111000
00101001
01101000
01001000
10001000
