3
19
1
18
10
30
8
26
2
27
24
21
9
23
1
20
11
-30
26
25
15
-29
10
13
20
7
31
12
28
10
2
16
21
1
29
31
-31
-21
17
26
15
-2
29
11
20
16
-5
22
31
21
9
-29
10
9
28
20
-22
4
21
7
28
31
6
-31
24
2
13
-17
29
2
11
8
-17
-8
29
23
6
-11
24
13
10
19
7
-3
-17
13
-31
11
7
27
6
7
31
27
21
-30
5
25
19
6
-9
13
5
22
5
8
-5
1
17
23
28
23
29
27
15
6
-7
17
-24
19
11
-29
27
2
1
-28
22
22
3
10
11
6
16
2
23
14
27
4
-24
5
20
-12
22
-10
6
24
16
-11
4
-6
-5
29
17
3
14
20
11
-29
24
2
3
15
1
20
-5
24
16
2
29
1
20
1
28
22
4
27
-22
14
30
12
-23
25
-29
25
-11
14
5
26
6
7
10
-26
4
9
10
-18
18
7
18
31
-29
17
23
11
24
21
16
15
17
12
26
-5
11
13
-21
23
15
4
2
3
19
31
21
-12
3
13
25
-13
21
30
13
15
-3
4
23
5
1
-22
20
-21
13
2
24
5
2
1
-22
-16
1
-27
24
8
4
8
22
14
-9
-13
27
16
11
-6
11
31
-9
-29
12
11
13
27
28
8
21
-31
31
-20
11
27
7
-3
17
27
-17
8
3
21
3
5
-15
27
31
6
-1
27
9
20
-23
13
21
-14
11
10
-22
20
27
8
19
6
25
11
-3
15
24
25
-29
3
8
18
-5
10
17
12
10
-22
6
8
9
19
-21
6
22
25
18
6
16
22
