2
8212
8
3
2
2
2
229376
48
2
138579804160
65536
75463651229696
6
12582912
2
9.522859796831886e+27
167772160
262144
212992
17
2
4
2
3
558080
1280
4.1198644531248523e+30
73216
4.951760157141539e+27
2.4758800785707605e+27
71017955328
138936320
60
2359296
2
98304
2
3
3
9797894144
4
131088
195736826281984
3
2
2
20480
2148007936
7
11
9.90352031428309e+27
17181967360
256
4
4
536870912
3
4294967296
8.124737086450387e+26
512
1480
83886080
6
2
2
4
2
65536
163
19890176
3
2
4
24576
7634944
9007199808389120
2
5
16779264
196608
7
2
417333248
1048576
576
212992
3072
65
2
90112
12
11274289152
2
3
161792
234881024
16384
11
524291
3
939524096
5
2
3
2
35303456768
9216
45056
278528
57344
262144
147456
563607083417600
13631488
22528
4
16384
13369344
3489660928
3
10240
8388628
36
10240
73728
1310720
8
34816
4
131072
4194307
4362076160
16384
2
178
12887308288
1.1884224377139767e+29
10999551033344
4
2
9
442368
12
856686592
128
12582912
4580921344
4
1056
68831215091712
41472
105226698752
1.0161011842454401e+31
856687104
32212254720
83
6
8210
50331648
6
82
4194305
2
2
4
2
704
640
272
102
384
4
80
2
2
402653184
4
48
258
2726297600
9.903520314283077e+27
49152
2
384
128
19
2
2
4
4
18
2
9887744
3
2
1.5474250491067253e+26
4295001104
2
721279627821056
81920
2
3932160
10485760
192512
2112
2
12
81920
2
4
30720
70439627915264
5
1048576
69
4
7
17179870720
2.971297879448883e+28
1025
1856
34359738376
6
1024
5
122880
9.115704300419244e+23
45312
67108880
4
1024
8912896
48
32770
70652212019200
2
4
2
65541
8415360
3.8685626227668134e+25
9
6
9.903520314283464e+27
1467
32
2
3
262144
2
4
13
536870920
192
7
3.094850098213451e+26
7
2
96
2
17170434
8
133120
64
3
67108869
15
2
786432
1048640
1466496
131104
9
2
3
4
3
16
512
25769803776
12884901888
917504
2180
2
512
2.228292070713741e+28
2
2
12
6
201326592
12
2
52
33570816
26624
96256
33
7.73712524553363e+26
1.98070406285661e+28
7247757312
2
320
3.961408155235618e+28
2816
2
4
77
8388608
3
7.59688985045833e+27
128
35072
1024
2
214016
2
3
40960
96
8388608
5
6
5
3
5
3
6
5505024
584
32
3
579584
3
3
327680
6.189700196426902e+26
2
1048576
2
3
4608
2199025352704
302030992
24
2
12288
5519704064
112
3
1088
16
2177
4
163840
256
1.1723433638992282e+17
151552
2560
296
76
2
16384
2
8
2622464
13824
1152
2.553251331026097e+28
5
2
3072
33040
10
5637144576
3
360777252864
2
48
2
32
2
4608
274880004096
17920
5
8
12288
8912896
3329
17179904000
169951232
9568256
274877907080
26
2
72
16387
2
9
141312
528
24576
67633152
40
3
6656
54525952
1644096
551301414912
2
135232
96
288
2424832
2
31744
3
8192
64
384
256
16
2294599680
3440640
208
5
2
351843720888320
549825544704
53703868416
8192
48
8
21
34
192
1310720
92274688
17592219664384
3
2
3
6
2
1101661774400
2151940096
9216
1.9807040628567993e+28
8388640
131856
2
16
3
2
1317011456
2
1073741824
3
541073408
48234496
5
2
3.022314549037974e+23
4
16384
11008
5111808
4
10
320
754974720
256
37748736
24
3
256
7
6
131072
36864
16419
8
33
41943040
1572864
5
2.376844876905113e+29
2422361817088
7784628224
9.903520314283183e+27
5
14
2
3145729
11
3
3
2
5120
17
4
12
4
8
2147483776
12
2
40
10485760
1048
163840
5
2
640
4
2
2
3072
5
16777221
640
1.2379400392853873e+28
4.20899613357035e+28
549755822080
6
786432
268435458
1026
10240
800
2
3
3
5
200015872
10959360
8617984
4
1064960
14336
2097152
184
1.4855280471424704e+28
294912
3
512
16777216
17592186044672
18874368
69632
11022698496
6
3.777896789175418e+22
17
7
589824
12582912
6291456
5
94208
4256
3
2176
64
6
4
38944
5
2
2
66177
3
1441792
8
2
122290176
2
142606336
2.2282920707136915e+28
9.903520314283124e+27
4718592
1073741829
2
4445962240
7
2
2
339
2
6
2
2
3
64
14
6
3
1536
64
84017152
2
74
5111808
3
12
2
2
3
1.7710763257354317e+27
1536
4
516
10
4096
9.813455340721752e+27
3
44928
14
32
1.2379400392853803e+27
2
4
16712
167772160
3
1.9807040628566647e+28
28672
12
2
734265344
4608
100
608
10752
131072
2
2.0070057552195992e+22
4
16
335544320
8
3137339392
14
2
2560
1572864
159383552
260
2
2
2
9
4
21903179776
2
2
5
2
1088
43
3
3
316160
2
151552
96
1179648
8388611
196608
104303992832
3145728
2048
403963904
3
5
18
72
96
172872433664
128
3
1280
6
1.8647076304645848e+28
2
9070970929152
192
70
5
80
75776
4
98304
3072
2
106496
2304
131075
537397248
32768
2
265
4
4
192
12288
2
270818
2688
6
32
4.951760157141521e+27
5
9600
3
4
2560
584116076544
3
9
2
8589934592
4
64
128
258
12
2
10485760
32770
6144
2
671088640
3
469762048
5
16793868
201326592
33554768
192
549755822080
5
4
19456
393216
2
768
2.230347244607031e+28
2
3
20
4
3
2
49152
196608
6144
48
2097152
4
34360524800
3
537936384
9175040
5
17014784
163840
2.4758800785707605e+27
3
289280
86528
1664
163840
4
10485760
31744
3
8
2176
12
2
6
5046272
3
14
128
35467840192512
9437184
3.022314549036573e+23
320
640
9.903520314283183e+27
267264
2
102760448
72
2
524
2
9.903520314283218e+27
122683392
81920
2
384
425984
16
4
25165824
8336
524288
525312
11665408
10240
32
3584
64
2112
285212672
2
4194314
8
851968
5
77824
3
2
2.475880078571904e+27
3
3
96759170727936
4
2
6
7
2
320
12719230976
2
6.190304659336709e+27
578
512
1536
7680
2
4
58720256
512
200
1548288
4
2
656
78
20512
2
12
2048
4
2
2
150994944
4
3
2200734532224
5
8
656
117440512
1792
6
1081600
96
4
2
6.213878712819194e+26
5.5459713819303326e+29
2
4
8192
101
32768
524672
7.624096971739388e+22
128
2048
20
6
24
4
32768
96
12
9216
10
2
10
40
8781824
1.3079368442410673e+28
5
100
256
18
3
32
1664
1609728
4387241984
1761280
5248
256
3
14336
18176
272
8708224
8.172338540594893e+26
320
12
5
5
5
8804683088896
3
2
3
9.903520314283218e+27
1292
3
2
8
5
16777216
32
2
132
24576
6
69889
3
2
28672
10
19
5
384
2
7.76923733761714e+25
1048576
3
6.734393813712483e+29
4407177510912
2
8.27876179165285e+27
17440
384
2
65538
2
17536
3
3
512
1.9807040628566155e+28
2
192
139264
958464
2
56
3332895670272
21
2
2
48
8
81920
343998464
2.028240960365167e+31
1073152
512
17825792
5
176128
4
1572864
4
491520
2
4702208
2048
3
130
36
9.903520314283042e+27
2.028240960365167e+31
7
2.423457433785358e+21
4.4307131346522234e+26
6.189700196426902e+26
4
2
1792
1493173248
17039360
40
1408
3
2
2.5359201704761015e+30
5
203685888
4
32
7
2216
1792
656
2.032202368490884e+31
7
5
2097152
4096
1212416
4259840
8864812568576
2
360448
8
8589934592
655360
2
2
1179648
257
2
204800
3
1.2379400392853825e+27
32
64
40960
512
3
256
3
40
2424570112
4
6
136
257
3
67379329
3.961408125713218e+28
4
3
2
136
3
3221225472
5
4
4194304
128
1835008
8
896
3072
2
990380032
4
2
2
4
7
6
729088
2
412652404736
1.4757395258990143e+20
2048
3
4096
3
939524096
5242880
64
3
4
262144
528
5
32768
3
51965552001024
8192
32
5
2097152
5.627549690306099e+27
1114112
5
4
16
184717953466368
648
128
960
256
32
1.8157335021092864e+16
1280
66912256
633285378048
268435456
2
10240
33792
2052
128
17408
2
9
3072
8192
25
5
6
6
25165824
2
6
12288
4
2147483651
2
8
151552
4.952727297797221e+28
2
7
20
37748736
114688
512
1024
3
7
36
2
1560576
2
3
13
2
16
34360797184
96
1281
3
11
128
2
14745600
3
81920
29184
2
2
549120
284004749312
3
3
2240
558144
2
3072
3
17592186568704
3
106496
16384
4411490
3
99328
8590983680
2
7
8194
2
81920
19
9437696
2
2.417851814756669e+24
3
320
20480
98304
9.903520314283218e+27
269123584
671088640
5
2
3
2487222272
2
7
8192
1125899906842624
2.951846574552913e+20
1408
4831838208
16384
288
3473408
2
4
3.169126500570597e+29
8257536
4
3456
73728
9
448
2
214748364800
19922944
12582912
81920
128
9.90352031428306e+27
64
7
132
18
169869312
276824192
2
8
6
528384
492581209247748
2
10
53248
917504
8
3
3584
12288
9.903520314283042e+27
64
2254077287280704
64
8
3
3
2560
4.951760157141591e+27
4
2
32
2
6
3
17408
2
4.905594272624935e+18
64
34816
32
2
2
6
3
74
17246978048
6291456
318858372317184
1408
10240
512
264
3
1073152
4294968384
160
2304
34304
64
5
2
65536
7
8192
12288
5
3
5
268435456
1048576
150994944
11583488
8
3
8421376
29
3
2
6145
3
13824
2
2
12288
2
1543503872
1288
71468255805440
2.475880078570796e+28
2
2560
7
4
69632
6432
4784128
8796109799936
1536
10240
5120
3
2
52918560751616
2
9
96
262150
4
6144
3
1720320
2
160
3584
2
1280
64
3
8192
4294968320
32
256
7
41943040
11
3
659456
168
69632
41943040
2097152
18432
16
96
3
1216
16640
2621440
6
3
8
826277888
2584215552
3
3
8704
32
2
2
2
2
262144
2
3686400
9
3
12
7.737125245533627e+25
448
402653184
286720
786432
5
2
71303168
4.785775114348705e+28
20971520
8193
32
32
5.070602400912918e+30
3
83488669696
194
4
40
112
2415919104
4215808
3
819200
40
578961408
1640464
4
1536
288
2
13
2621440
319488
4
491520
2560
196608
2304
1358954624
2359296
2359296
100
84355842048
1536
2
3
7424
8
2
1792
34816
4608
8193
3
6144
1.9807040628566647e+28
9
27525120
34402205696
4587520
6
33554944
1310720
18
142043194064896
2
2
2050
49152
1600
2
515
49152
24576
4352
8260
184549376
7
20971520
2
80
65536
3
2
2
4
3
3
409600
3
4
2
3
3
65536
4
3
96
409600
12582912
39879442432
6
2
24576
61079552
6
112
1048576
4096
3
2
6
3
1736704
2232320
4410931412992
6
16
75264
3
12582912
12
2
8
65538
6
2
1142784
1280
64
3
8
106496
2
3
5
3
7
32769
2
64
1581058
10240
3
32
147456
3
7.319442555448393e+27
536870988
5
2.305843009213694e+18
336
9
50331648
8912896
5
5
5
294912
33
321460224
2
6.189700196426902e+26
8
13
21
7680
2796552320
64
4
1.2379400392854366e+28
2149689600
2
2
2
20480
38654705664
2
320
77309411584
6
2
4
8192
7.858481209706221e+27
2
3.961408125713245e+28
2
218103936
4
768
12
4
2
8388608
4
914948965269504
2
4
1375862784
3
17601312851968
3
3
4.835703278464406e+24
3
3
2
540672
3.094850098213451e+26
16384
67109888
4
117440512
128
8
24576
2
1068032
2
8589942784
32
1.980704062860245e+28
128
4096
9.903520314283042e+27
34816
33792
4
5
2
6
65
295190
17408
139586437120
9.903520314284168e+27
2
425984
2
3
9.90352031428305e+27
42
5846859776
74769836408832
3
134235024
32
1442840576
208
5
2
3
40
4352
298
49152
2048
2
2
6
2752512
208
4325376
1572864
22
80
4
8388608
16384
8
3145728
592
3
70643622084608
786432
79
4
32
688128
1208221696
549760008192
917504
112
3
5
6.565978357781955e+27
4
14336
33619968
6144
2
4
2
25165824
3
8
48
11
3739648
12
64
1.980704062856609e+28
8931328
4
2162688
96
8705
14
1.9807040628566124e+28
6144
20
320
524288
135808513
9280
266240
64
4336910336
2
2
16640
2
2
12288
8448
2
16896
3
10489856
2
1572864
2
3
8192
33821696
8593664
2355126861824
283692253577216
2279287604379648
3
16
70368744181761
10
339968
5168
336
4
12845056
6
2
33619968
65536
2
4202496
1179648
5
320
5
4
25
352
17408
64
80
655360
5242880
4096
896
393216
2
12
4099
270532608
136314880
512
4096
2
41
5
384
3
12544
3
2
7
16
4
14624
8464
2686976
40
2
1024
17039360
5
1179648
2
4311785602
16
4
570425344
25769804800
335544320
2
109182976
7340032
2
262402
640
425984
1.2379400392853803e+27
38016
14385152
2560
2
2
3200
192
2818572288
68719476755
68
4
4
16384
2
68
2
6144
2
36297995714560
9439232
384
20971520
196608
23
8388608
268
2147483648
2
131
6
52625408
3
5
229376
3
24576
3
524292
65536
14
563223199744
128
33588369
4
549782172672
128
2
176291840
2
2
8
2
15
8
2752512
1536
96
18
4297064448
22
3
4096
4096
2
3
4
2097158
1216
4
8
3840
3
64
1.0141204801825835e+31
2048
37888
2
40
573960
3
1536
7.677344343287398e+16
4096
3072
35258368
16777220
262912
12582912
416
65536
7
4
2
2
6
11542724608
7
6144
2304
2
16384
3
1140850688
172128
2
3
5.112246240286988e+27
9
9437184
9216
2
5
20
2
2
16384
3
2
2
1133871383552
2
549755822080
8388608
3
9.903520314283042e+27
56
3
3
2371090907136
2
9306112
3072
8589934592
1152
11
16
89
16
2
2147483649
12
32
1792
33554944
588
16384
3
49152
16384
4097
3
128
59458454528
4
1544
16
2
2
4398315995136
1343225856
8796101411136
2
960
38
520
8796093087744
128
2
6144
2
3
2
12884901888
3
35
3
640
18
3
384
3
2
2
5
1.2676506002391827e+30
4
1.0141204820846806e+31
1.888946593147858e+22
7516192768
512
3
1179648
2304
2
10
268472320
537276416
65536
26624
6
3
256
5
576
5
2048
2
8
137443147776
12
1.980704062856721e+28
3
2
536
32
5
1.9807040628566647e+28
234881024
768
32
133120
4
278528
268288
2
5
39332
1.980704062856721e+28
8
85721088
11
2
16384
655360
512
2
16781504
1572864
256
3
33816576
8192
1024
21152
20
33792
3
2304
655360
2
36
17664
738992128
8
36
880
2
68
49410
32
2.02848951551368e+31
64
3
10485760
2
278528
2
3
3
2
17592186045696
7
2
7394557952
768
512
1380
32
1.9807040628566296e+28
4.951760157141531e+27
192
2
3074
3145728
8394880
263936
12
262240
35184373137408
32
18
9.903520314283042e+27
128
3
11776
3
4227072
2
18
6553600
2
9.903520314283183e+27
4
3
3
4
64
128
8
2243046670336
2
81920
805306368
549756469248
2
7995392
2654208
4
142606336
20971520
3
4
3
4
67109120
1664
8
12
2.2683987750752102e+27
167772160
73728
18
3
2
17
48
17
2
3
20480
3
458752
3
2.475880078570765e+27
6.201789454623049e+26
1655344
9216
1.846475850672564e+19
2
3
5
56480497664
160
128
2
2
2
1.5111572745182868e+23
4608
2
4227072
17179877440
4
4
2228224
3.961408125713217e+29
2820669440
4445962240
4736
3
1280
574464
71940702208
3328
2
4688
7168
2176
17875200
10240
71
43253760
10485760
6
2
135027200
2
2.7865740142117213e+27
3
10
2
4.951760157141567e+27
80
3
4
4.952727297797221e+28
256
256
5
3
4398717599744
8192
32
8392704
5632
3.961408125713224e+28
111280128
32832
13194407968768
64
2359296
8320
167936
77824
1099511633920
1.4855280471424563e+28
96
2
1.051753857376859e+31
41943040
1859584
2
196608
28672
384
29446722
49152
2080
16
40
43008
2
4
2
2
4194305
4608
96
35717121
17956864
12288
279172874240
3.0496162707196086e+23
526336
3
192
24
81920
2
128
1540
2097156
11424
286720
1060864
39936
3
33
272651264
44
5
1064960
2048
128
448
641
9
3
5
64
1148928
12352
5120
10752
268582912
310272
8192
32768
591104
7
4
5
7
10
3
3
557056
4616
13824
2
564675328
65536
2
5
24526848
65536
14336
75776
73216
19712
4
5
1152
1024
9109504
47104
83968
589
3200
5
7
6
8
4
2048
162
4
7
19667091456
21548523776
807800832
1.1805916207174113e+21
3
24576
7
7
7
15
26
74
7
3
2
7
3
33060
3
13
7
4
10
134285312
2
5
2
2
4
3
12544
6291456
2
3
2
3
4.456584141427661e+28
70377334112256
1.019072240339725e+31
5292928
38112
8
4
2
4947821243424
2693920
4404019200
2
896
2
2
524288
640
3
6
1.740853180245066e+27
1.8331244434271526e+28
5.147379466327913e+24
1.044632800729001e+28
2
293601474
142941882880
9348055072
3
6
7
574623752
17595119960096
70506184179712
373662154752
6144
3
64
4
9
9.903520314283047e+27
22
768
3
3
226754560
17039360
6
4508077265084416
7.922816251427166e+28
1064960
2
103284736
218103808
352321536
23592960
150994944
51380224
3
8192
5
40
48
18
2
27
2
5
1703936
163840
32
4
3
64
4
2
5
50176
134643712
17465376768
2.032202368490884e+31
3
5
7
3
528384
4.951760157141521e+28
6
549755813954
3
53
120
90169113845760
9.90352031428305e+27
2199023256576
8.980052103824917e+27
2
6
24
6
1493172224
49152
385024
229376
8209
8
224
65536
2
2
4
2207684776512
8592369924
2
6
6
3
3
2048
1024
6029312
5
8
8
3911040
155205632
2
71335936
264192
4
137438986240
512
673349696
164
7
2147483648
1212416
53248
2
4
2
3
32
3
3
2
4
1134695999864832
72
128
3
19327352832
3072
3
4
6
5
3
6
5376
1280
2199023255568
1179648
131077
16
24576
40
176160768
9.6714065576301e+24
29137058136064
2
2
3
112
3
3
16384
5
3
3
4
16640
6
8
7
2
66
5
1.4855280471424634e+28
4
2176
1408
2472
2
32
1048832
64
1664
3670016
1.9362316487408318e+28
8.251069834597296e+27
2.4758800785707605e+27
3.961408125713217e+28
1536
50331648
5
8704
4
1310720
66560
536870912
134217728
65536
98304
655360
20480
640
5
2097152
2
3
5
5120
11886657536
2.971056094284927e+28
6
9
1.9807040628566366e+28
1099796959300
3
4
2
3
5308416
9.67140655924477e+24
9.67140655691717e+24
512
24
139520
6.557520599411135e+27
25808076800
2726297600
8631877632
8631877632
4
2013265920
11274289152
286848
18939904
6
131
7.922816251427166e+28
1.1884224377140382e+29
4.951760157143774e+27
3
40
3
6.189700196426902e+26
20480
8650752
4456448
13312
7
528384
18432
2.971056094284969e+28
2.971056094284941e+28
1.9807040628566155e+28
3.961408125713217e+28
3.961408125713301e+28
9.903520314283042e+27
3
356352
196608
491520
7356416
1280
2646016
2199025483776
12582912
532480
171966464
1140850848
4.951760157146025e+27
24
2176
2
32
100
3
16384
16384
528
132
5
2
448
1536
69
16416
2
512
2
3
3
18
5
9
8
2
17
9
3
8
3
896
22020096
274878447616
2
1179648
2514944
8536064
208896
25821184
276
2048
8
4624
10
196608
11776
17408
7168
6
6
950272
18
12093440
2
4
13088
548864
72
2
24
24
41216
3
3
2
3
536870912
5
36864
17
2
2
2
20
2
68719476864
2
6
4
42
96
160
20
1141
270532608
5242880
4
92
3
5
5.070604818764557e+30
4.058462624793191e+31
74625056768
2
2
36
7
6
7.737303089486082e+25
4.951760157141593e+27
9.903520314283132e+27
2.5353012075423504e+30
141699594584064
896
160
57344
9
3
3
3
6
10
12
17601044418560
4096
5
384
16
12
67
4
3
32
32
4608
16777216
4194304
5376
416
2
327680
753664
20480
12288
2
976
1.0161011842454401e+31
9.903520314283077e+27
1.9807040628566084e+28
3.0948500982134507e+27
9.903520314283324e+27
1.98070406285661e+28
6.189700196426907e+26
1.2379400392853803e+27
1.237940039285382e+27
8.171371399968246e+28
2.4758800785707605e+27
2
1104
40
16
53248
640
1184
2199023288320
4406636445696
2490368
3
180354266693632
642114790621184
24576
5120
2199025352704
2
10
2
2
2
2
6
3
13958643712
2
480
327680
145410479882240
2267742732288
524331
1.2766256655130484e+27
929
65
2
72
6
281477562859520
1342177280
1342177280
64
2097152
2097152
556
3
137216
2
32
229760
9.671406556925898e+24
34
97
2
111736258560
4227072
2
3
2
4
128
148
3
3
2
3
8704
117792
23680
5120
9216
9216
2
3
3
256
2
1088
4456448
39714816
1408
72
2
2
2
2
32768
4726821
1753088
201326592
88
3
2
5.654146058337621e+27
27380416512
46187675648
4
2
1536
151552
24576
8194
128
128
4
3
512
3
3
2
262146
3
192
376832
2
3
4
32
83968
131072
12288
2
3
2415919104
111669149696
2367488
24
3
4
24
2
5242880
292074569728
160
7
1.0141209637529114e+31
19516331393040
96
8
34
1536
83886080
21
72
6
8858370048
258
9699328
3
3
8
2
7
3
3
2
2
115200
81920
2.732066492697805e+16
384
557056
4
8
2
2
2
3
4194432
4
40
3
2
2
265
3
2
16187392
163840
20
6144
17729624997888
4545149140992
3
8
1293942784
469762048
48
18432
131142
2
2
1024
23
52690944
135266308
131089
327680
2200400035840
12
96
256
819200
12
4
6
4
90112
24
10
2
16
3
5
16384000
13440
3145728
2241
4480
851968
8288
2
65
16
8
4
3
3
393216
8
2
24576
72
96
43
10
65536
2
12
2336
3
3.094850098213451e+26
35186519572480
16
90112
256
2
2
7
2
2
2
4
1.2089258196146313e+24
2415919104
2
18
4
2
80
25769805312
3
2
2
2
1125899906842624
4521984
48
2
4
6
8192
16
3
6
8
2
6
2
2
2
70643622084608
655360
79691776
416
832
192
57344
128
2
4608
192
192
6
268444672
1536
21037056
20480
67108864
2097152
3
2
139264
5
832
64
32
264
2
5
2
30720
3670016
401408
4295491584
536872448
1280
5
2184
10240
3
44
2
1572864
4
17
335544320
2
768
1.511895144281235e+23
1610612736
201326592
2
2
3
2
3
5
2
7
2
7
2
2
2
3
3
2
3
5
4
34359742464
2
3
2
2
64
1594
4
320
5
1600
8192
2
260
33
139264
6
6
416
3
262144
768
17
36864
8192
352
384
64
26738688
8421376
2621440
2097152
3
3
1296
272
10485760
3
2
2
3
5
2
4
1024
4608
2
18
2
10
3
2
2
2
12288
3
32
3072
16
12
2
2
12
6
3
38654705664
8589934592
3
5
102760448
360448
2
2
32
2
4898947072
3
589824
1081344
10
3
3
2
2
6
262144
80128
5
4
320
128
512
69632
4456448
1536
2
36864
8
7
2
8388608
2
272
24
8
48
19922944
41472
3932160
20
160
659456
5
3
3
2
69
4
4
8589934592
7.20575940379392e+16
24
4
2
3
16
3145728
4
128
25165824
70866960384
512
512
2
128
128
549755814496
8
10
