4
4
6
2
1039
4
8451
2101248
4
35
3
3
8260
3
2.882303761517119e+17
5
5
6
1048970
2
73014444036
3
1.1529215389666017e+18
2
8
5
6
5
2
3
7
2
5
521
2
4
9
536870915
5
7.37869762948474e+19
67108867
5
3
655400
4
7
145
2147745793
10
4398050705409
2
71
517
4
4
17867064017291
5
2
32769
11
2058
1029
2
2
4
15
536870914
4503605004468224
4
8
8194
4
35
4622
10
265
268435459
3
2097155
10
4
5
137438953985
3
6
4
68719509507
4
134217795
281475024982531
5
7
3
5
135432
22
2
2222981120
257
7
3
4
9
4102
20
5
2
2207613256193
4
537534760
6
7
5
1048586
136315137
2
3
536879168
20
134221971
134742417
1128111850659841
5
5
7
1125899907891200
7
2
77309411377
2050
262
3
33685508
32809
2
515
32769
1073742082
16390
34368151555
3
35184372088835
6
4
5
7
2099207
3
8212
5
4
2114
570434048
7
558
4121
2101380
150
17592186044420
34
8
3
6
4295491584
3
5
32770
5
4
3
10
67
10
5
5
8
4
517
24
7
74
5
3
18480
2
3
32774
2
3
20
3
8201
12
8589934609
528389
3
67
4
18253611008
514
130
8
12
6445596675
2
3
514
2
17
2
42
69
2
5
2
4
3
11
1290
262147
4
33
2
4
562949953421314
2
2
3
6
5
6
73
6
130
524290
2
13
2
9
1100
7
2
4100
16781330
5
3
262149
4194305
259
4106
68719476737
131209
5
67174402
557057
5
2
51
2.9514791404473575e+20
536887424
2
5
3
770
261
2
5
4
76
6
537002089
131076
2
3
3
37
4
6
2
65563
3
9
140737521910784
18
8326
3
8388611
2
2
546
16405
32769
2
4
3
3
67
133
4
133
4
3
115
138413057
5
3
67405551
2
13
5
18
5
4
2
3
7
11
73
4194566
2
4098
4
2
2147483653
4
2199023255554
515
6
11
4
4
3
2097157
3
4
3
3
1028
518
2
18
6
3
3
1.1529220567785802e+18
2
1090
5
16921
4
15
2
4
5
4
2
1048615
516
2
4
3
1048577
139264
16385
68645
3
20
161
137455752322
18
4538788298621441
8388805
5
2185
8
260
515
6
3
1082130579
4
515
140737488356865
5
3
515
7
5
4
70368744177703
2
5
8796093022596
33562624
4101
11
3
8589934599
3
9
2
4102
2164270594
8
3
5
5
5
133126
5
4161
8196
4
2
2
34359740436
1041
281474976710661
2
2
1026
3
2
6
18
2
32776
3
2162163717
17592186044432
8388609
3
3
3
6
4
2458
6
1.1529259027393577e+18
3
11
1.8451247673349636e+19
32776
8259
16647
3
4
5
5
5
8209
2.305843009230471e+18
5
2058
12
7
14
5
351843737948160
5
4
3
2
162
5
6
133
1048579
67586
32771
163866
4
32780
37
2
2
298
67
197
67112961
7
15
10
33685510
23
1668
8234
48
3
4
10
2
150
4
2
4
4
2
10
3
2
3
4
4
4
1065033
1028
1149807115
2
4
4
3
6
7
524452
135
3
3
5
1073808404
2
2
4097
4
6
16
5
3
33
19
4
3
3
129
5
3
34
6
524289
4
281475245148421
32778
32772
4
9
2
7
3
6
5
2
3
5
10
2051
2
3
2
262195
26
524297
6144
36
16811026
1042
77
1026
135
4
3
3
6
4
520
4
2
68719476804
41995
6
7
9
7
4100
8
2084
2
6
131073
65543
1101663600640
3
13
2
8721
3
523
7
3
289
3
2
2
3
9
6
66
7
4
6
9
2181040646
17
8448
3
290
3
5
2199023255554
3
4
32778
139778
5
265
3
2
5
1028
5
4
2
3
3
4
3
2
2
3
1286
2
7
5
73
2083
7
16411
768
32805
5
3
8
6455037957
18
5
96
4
19
262616
2
4
32770
1.15292168124262e+18
2
3
2
1073741830
5
4
65
4
3
9.903520314283042e+27
67108897
524290
131136
65665
1050633
2
3
2
2
5
3
10
130
9
3
16
524293
146
2
34363965440
2
6
3
2120
5
4
2099235
4
2
15204353
10
17592186044674
16917
11
131091
2
6
3
6
10
4
2
4
2112
5
65
279172875267
21
21
2
37
17409
4
7
4
3
6
6
2
5
8
30
91
5269135377
89
9345848836181
69
11292704896
4
1054
4
7
5
520
4
167773313
12
4
4097
6
74
268435459
262
4
2059
4
5
514
22
4295098369
3
4
5
4
6
5
26
2
3
5
2
3
1048592
131
1073807377
2
6
9
2
3
2
1029
3
9
2
9007267974349056
6
6422528
6
8796109799426
6
6
6
4
5
8197
1029
9
8
9.223372036921917e+18
81
3
2
46
3
34401681728
147
4101
3
3
4295098379
514
524434
7
551905952130
72
3
2068
34
2
3
10
16385
2
24579
5
4
2
4099
325
2
10
5
5
9
4398054965249
2054
4
281474976743936
34359738370
5
2052
2113601
4
4
3
4
32772
4
132
2
4
1.8014441735983104e+16
3
34
10739515906
258
6
4
5
6
6
322
2
3
12
9
6
67108874
2819
515
7
3
6
1030
7
2097155
3
3
2050
5
5
75497600
25166357
4
196612
290
37
52777095004160
4
3
38
4
6
2
1033
5
32772
3
70
9236
4
1111490626
5
2051
3
3
2
69206053
2097291
147456
2
3
12
2
2
4
2
18
4
3
2
4
2
2
4
4
3
7
2
2
4
18433
569083166736
65541
4
4
20
2
2
3
33
2
5
1027
2
5
2
4
3
3
4
8194
4
3
9
4
2
4
5
8
137439494805
7
5
2
2
4
1029
69
1.1529215392350208e+18
5
8796093022288
65537
2
4105
2
3
7
550830608385
3
65572
67108866
4
9
33
536872960
2
263
4
2
3
3
5
4
4222987
5
7
2180
8
131088
8796093022214
32773
3
2
9218
10
5
3
66050
18
65541
66
2
34148627
33410
5
2
2
6
2
274911462469
5
2
1114113
1099511627780
2
1049600
3
2
4
2097153
4
3
4103
2
8199
5
536870979
68
7
1049815
3
2
2097157
518
67
2
5
67374086
20485
33
3
7
4
3
2
2
2
5
39
2052
7
4226
1065124
9
4230
67
33
8
1539
32
4
4
3
2
516
3
68
8
2097154
3
5
2
5
36
65538
3
5
8
1076
4
14
17592253940257
7
69
5243395
6
4
66
6
13
4194926
131
2
4
16
2
5
5
134218244
2049
1.801453702217728e+16
66
50195
3
5
5
8389676
6
7
274877939712
133
4
10
2
20
4
261
3
533
2
12
4
213091
1048580
2
34359746569
5
260
10
3
1125
3
4
5
8
163
5
65
6
5
70368744185864
15
529
522
336592898
8590037283
4
14
2
6
3
2
4
3
10
268439553
405
3
11
4194337
7
7
4194321
8388613
5
71
524293
4
9
5
7
2.88230376151712e+17
61
34
6
2
517
549756076034
4
16387
3
4398583513089
36
19
8388641
2
134
4
4
8400907
169
6
4
16386
4
2
4
33
17825793
129
4
9224
6147
5
3
5
67
33
6
3
3
30
3
281612450791424
1.180591902192388e+21
4
48
268439553
17
3
2
34359756866
33554443
2
41945089
2050
4
140738025250819
4
4
16456
3
32774
134217729
2
4
4
6
21
34
2050
1538
8862564352
16
974
4
3
18
33587200
8326
65537
4
4
35
2147614722
4
1.8014404951998496e+16
17592186044418
6
5
70368777736325
2
3
211106232532997
2
7
5
3
2067
262152
4
157
3
8388609
5
3
3
5
4
4
4
3
3
16
4
2
4
134222854
7
2
6
4
4098
3
9
67
4194320
2
65543
2199023255848
4101
8796160135168
3
6
57
2066
137438953474
134218755
2
8194
2
3
8
3
4
4
4
4
4
68
51
6
4226
8796097216550
526402
4
19
8196
4
67109889
8
6
3
132
3
5
1.1529215046068634e+18
8589934593
11
262145
2170880
134217732
3
2
3
231
6
90
3
4
1048585
2
68
34368145408
2097424
4
4211201
9
1048577
3
259
2
2
4
6
32834
8209
134742529
66
6
3
3
5
4
2
14
4
3
2
4
2
4
7
7
2
3
6
3
140737496764449
6
4
2
5
3
1048577
4398047068449
1032
579
2
6
135436941
37383932223489
69256413189
83
520
268435584
8388612
4
8
274877911040
3
3
6
22
5
39
4
3
3
5
4
18
4
2
2
2
16417
3
65695
3
17614206143296
5
3
3
2
3.602879701896398e+16
2
4
6
16781321
3
2
4353
2
4
2049
3
4
33025
5
8
10
16386
2
18
4
8
137438953478
3
6
5
33554444
37
3
5
1058
5
3
261
13
16406
68
2
4
6
260
2
2051
2
3
5
4
4
65537
562949953421314
6
4106
5
8
5
5
3
537919592
10
7
4
3
4100
2
5
5
17
6
6
3
4
2654385
5
8194
562949953421442
3
4
5
8
9
6
136
545784353
1.8014398509481988e+16
562949953429505
5
6
7
5
4457473
629
2
4
2
94
84018184
2049
33622016
6
2
3
5
4
3
6
5
5
4294967303
2
8
9
3
7
3
66
2
3
4
6
6
36
16777281
4
2
5
3
4
2
258
8
2
33554447
7
4
2
11
4
201654272
4
3
11
11
3
2
6
6
2
2
16385
3
6
22
2
2
561
5
162
4
8481
4
33622018
4
8
18
2
2
1.441151880779531e+17
2
10
2
4371
4294967299
22
12289
5
2117862
35193047007365
4
2
8
18
4
68719476746
137
1043
65
7.205759410503757e+16
2083
6
3
131073
4
4
4
4
17
3
5
3
5
131073
2097153
70643623149632
4
6
806913024
35184372088839
13
4
21
514
3
4
5
5
7
5
2199023255556
14
1100050595841
3
20
580
7
2
2
4
5
6
6
258
4
3
10
12
5
3
19
2
323
131
3
3
2
2190
6
2
4
131073
68
3
262147
2
23720
17181189255
34361068848
12
8
3
65
77
6
6
140
4
32779
5
11
33058
20
27
68
68
9
36
21
8
27
4194307
4
6
6
4
6
6
40992
5
12
2105474
14
7
10
38
5
16
266
3
550
4
3
132
6
7
8211
67
11
260
4
38
4
7
5
3
8
5
32932
6
46
4
3
4
131489
516
4
9
7
2
7
20746
4718627
535
33029
133123
268435461
9
3
6
2087
131
1033
151126017
548
4
8
3
16777217
9
9
589824
65541
9
16388
4
6
4
5
292
6
7
1099511627781
5
4
32906
3
2199023255557
3
3
4
3
3
5
4
4
6
3
4
136
5
24
132
139
2116
5
8194
2
4
6
4
3
12
20
7
4
327
536877350
3
4
4098
37
4
8
8
5
7
3
2
2
3
133
4
1026
514
2
2
5
3
5
4
3
4
5
265
5
5
5
33554437
533
4
3
3
67
32772
1099545190402
787528
262152
131088
263188
16387
34
524353
262178
1.4415037279187866e+17
4503599631826944
4505798661111808
68719476739
9007199254741056
140737488355342
3
5
3
5
261
3
21004
2068
79164839302148
41040
3
37
16430
8
7
10
5
11
5
32
4
4
4
6
7
7
4
16386
3
4
11
8
15
6
4398046511108
3
268435459
524577
2147491846
3
6
1056775
3
2
3
135266562
536870917
4
3
7
7
5
5
4
3
16
5
11
4294967299
16393
34393326410
33587203
7
1310868
1077936269
20493
134217731
34359738371
3
32773
8796093022210
536875847
3
2199023255825
2061
16908304
290
4
16
5
8
4
3
37
2147483653
8388651
4
67108866
281479271686152
134283402
34360262657
133232
5
3
3
2
66
34
3
3
20
6
4
33556742
5
5
65618
4
6
5
2
4
2
4
6
5
4
3
6
3
4
6
16389
73741
18
562949954207744
6
5
1048579
68720787491
7.205759403792794e+16
5
5
513
2051
4
3
1048577
67108868
4.612812063826268e+18
137438953475
549755813890
2199023255554
1099511627779
563087392374786
549755813892
8796093022219
137438953474
18
3
2270
6
3
4
3
3
11
5
3
10
5
137
3
515
7
16385
68157440
872415232
6
3
4
5
4
4
4
4
9
4
4
5
9
6
7
8
4
12
3
3
67855
4
67108869
5
66
3
4
20
4
2
7
7
549764219409
7
20
2
5
1048580
3
4
4
2
3
3
5
3
7
5
2
7
134
6
1027
3
24
4
66
8796101410820
1048580
524298
14
2147745893
2097419
1073811844
8590196818
10
36
2.8830075391371264e+17
4
5
8
3
4
5
4
4
5
6
5
2
259
1073742084
2322
8
7
5
2
65601
4
3
19
5
2143
4100
6
2
4
9
3
6
6
4
4
3
2
268435598
21
130
2
6
6
2
13
24
5
2147483655
2
6
9
1050
4
33554689
5
260
5
2
7
3
2
5
2
6
5
3
7
6
11
4
4
5
6
4
4
4
4
2
19
3
32770
5
4
4
5
8
6
3
4
6
7
532499
5
1047
1044
4
536870918
7
4
5
3
4
4099
2
33589256
5
262209
4235984
1032
141884918082
7
6
6
3
6
1155
8
536879402
86168338560
274877907080
197152
84164608
2
2
2
3
33
2
4196355
1027
2199023288320
1052673
65539
129
2051
5
3
17
602532372045842
299067431190550
2
2
16385
4
4
2051
4
3
4
2097412
11
131078
4
4161
9
68
262148
1042
132
6
1134
3
4
130
6
4
7169
65
512
257
34
3
4
65541
4148
518
4
2067
9
3
3
3
10
3
2
2
4
4194306
4
3
3
2
2251799814750208
5
4
262148
1048580
9
7
11
3
2051
5
3
1057366
33580049
2
3
8197
66
2
2
3
5
2
4
4
4
8
163
325
35
131078
2
17179869314
302514182
1.4411518807690445e+17
7
15
5
2
16385
137438953736
4
8
4
22
2177
577
20609
4
4
2
1026
1048580
519
2
3
4
4
4
4
32813
2
8
515
131084
7
4
6
5
4
16386
17
6
4
2
3
137589950467
4353
5
3
3
2
526343
4
132098
3
130
2
2
67
515
3
4
3
5
7
5
2
2
3
5
3
6
65
1027
2
274877906945
3
294912
2560
2
18874372
262146
5
4
3
3331
57377
3
6
3
7
5
520
4
6
2
77
78
66
3
4
5
8194
5
3
3
3
2
2
196611
13
35
6
514
17
28672
3
3
7
16785440
66
3
8
2
2
2
4
17592186568736
3
3
4
7
32898
5
2
65537
3
1027
6
5
3
5
2
11
262147
3
5
6
2
7
4
2
262145
4
16777219
6
576
2
2
1025
4
262150
4294967299
3
2364679
5
4
2
4
4
4200449
8194
514
2097153
34359742465
3
41
2
2
2
9
3
2064
70370908438528
292
5
2
3
2
162
12
2
516
6
4097
257
2
2
288
6
3
41
4
2
4
1040
515
65537
3
4194306
134480450
4
3
3
2
4
6
2
2
3
1025
2
4
18
3
4
5
3
4
65
2
49
2
64
2
33
4
3
3
2
161
2
12
7
2
4
2
3
2
2
4
2
2
8193
4
3
2
2
3
2
6
3
3
2
2
2
17
134217729
2
3
3
2
2
2
281474976972800
2
3
16777217
2
2
3
2
3
2
2
2
2
3
5
2
2
2199031644163
131073
5
131078
3
2
4
1027
10
4
2
3
2
129
2
2
1064
262240
3
2
3
17
7
6
2
4226
53
2
8195
4
4
514
4098
147521
1049607
132352
69
3
2
66
19
3
3
4
3
8193
258
2
2
3
3
9
65664
3
2
5
3
1026
2
129
2
5
5
