01101011
01001010
01001010
01101010
01011010
01001011
01001010
01011010
01101010
01101010
01111101
00101100
01001100
01111100
01101100
01001100
01101101
01011100
00111100
01101100
01011100
01011100
01010111
01100110
01000110
01001001
01111000
00111000
01101000
01100111
01100110
00110110
00111101
01101100
01011100
01101100
01101100
01001100
01010101
01010100
01101011
01011010
01001010
01101010
01001010
01101001
00111000
01101000
01011000
01010101
01010100
01011101
01101100
00101100
01011100
01111100
01011100
01001011
01001010
01101010
01001010
01111010
01010111
01000110
01100110
01011011
00111010
01101010
01111010
01001010
01011001
01001000
01011000
01101000
00101011
01011010
01111010
01011010
01101010
00110111
01110110
01010110
01101001
00111000
01111000
01001000
01101001
01011000
01001000
01011000
01001001
01011000
01101000
01011000
01100111
01010110
01000110
01000111
01110110
01000110
