31
42
37
53
39
43
34
41
46
51
46
49
46
44
44
48
53
48
44
51
49
48
53
40
57
47
44
28
45
44
44
48
37
34
39
42
33
37
39
51
42
47
47
45
52
37
42
51
50
44
42
47
47
40
41
31
31
38
35
51
44
40
41
42
37
42
38
38
35
45
43
46
44
47
49
40
45
43
59
48
52
43
55
55
44
52
29
37
44
39
62
37
33
33
44
29
51
49
46
49
38
39
41
50
42
43
53
44
44
44
55
58
37
36
37
46
49
36
50
37
41
51
47
49
49
50
52
55
51
49
51
46
51
53
51
42
45
45
47
43
45
52
56
54
40
51
17
45
36
25
25
39
31
42
49
41
36
41
28
25
32
32
27
38
34
37
41
43
34
35
39
43
49
44
49
31
43
41
39
51
25
51
40
41
41
38
25
42
37
49
29
47
47
36
44
30
33
45
39
59
