63515
112207
88627
156390
96684
115149
75807
84412
106848
127762
95548
108640
94665
87354
87479
102165
122367
105031
88094
113713
106371
103031
122578
71826
138704
97482
86549
59022
126065
121432
122580
139227
96462
82227
103427
115588
76312
95161
103096
152661
116005
96939
96275
90876
120069
77086
95825
134628
130036
105594
96427
117732
118290
87932
94473
51952
65190
93317
79039
147099
118465
102333
103689
108214
86988
109562
90627
93900
78308
123033
113696
123483
90234
105708
113784
76541
95079
88566
151765
107610
126671
88950
137816
135374
92616
123789
60442
93044
120345
101125
196396
92924
78066
68810
112108
53266
142352
135586
121902
134491
90061
81810
86893
125862
92716
98179
136401
100132
100667
101990
146622
157671
71809
75749
79311
114566
126892
74871
131255
77692
92385
134469
120377
126406
127540
132533
106706
121034
104571
95489
103699
82304
102916
112994
105039
86850
99714
101157
108103
92131
98788
127880
144668
135900
77435
122092
35682
149959
113581
68784
69351
124298
91353
139603
165988
134161
114322
133007
79852
70460
95787
97026
55827
99828
85976
97299
114670
120631
84068
87699
106053
122670
146167
124519
146690
71323
121993
85179
77549
127450
52235
157445
113965
119664
118821
104756
52152
121635
99982
150139
68071
142927
144105
98303
128500
72263
83267
92240
68593
151765
