1.638608956037342e-05
0.9811030484957216
0.0008946501762738063
0.017969529148883893
1.638608956037342e-05
4.491758973835734e-06
0.2689402133499523
0.731055294891074
0.2689414213699951
0.7310585786300049
3.056184347258171e-07
0.9990719724664301
0.0009110357139831156
1.6686201152054864e-05
0.006692850924284855
0.993307149075715
1.5215850322896147e-08
0.9990722625996016
0.0009110359785503225
1.6686205997772282e-05
4.458136950639616e-05
0.017985408112219218
0.9819700105182743
3.822680370011514e-05
0.842001384145377
0.041920780478281953
0.11395249580893452
0.00208711276370644
1.1047465449649197e-07
0.0003293203036869931
3.0030124582310546e-07
0.017980279349663075
0.9816899895707496
1.0125351426787324e-08
0.08997499183741424
0.6648302621874812
0.0006062467262436447
0.24457738532739404
1.1103796115355883e-05
1.670142184809518e-05
0.9999832985781519
0.04731415522182404
0.9503302116973794
0.00235563308079668
1.5229712486720026e-08
1.6701407706269114e-05
8.315141273115902e-07
0.9999824518484539
0.0003353501304664781
0.9996646498695334
1.0716380856164792e-07
2.9130143348159136e-07
0.9522694466773511
0.04741070404635325
0.0003194508110536551
0.003144120889060649
0.0631513562081933
2.1184919909208133e-05
0.46662891374589277
0.46662891374589277
0.00042551049105117345
6.16247232873334e-05
0.49935030481087184
0.0012377656549689582
0.49935030481087184
0.0006661950219443711
0.7305715510441719
0.2687622539338838
3.998652648895919e-05
0.11919815551131854
0.8807618579621925
2.081063533204705e-07
0.03387030612764271
0.25026959206510657
0.6803032843264372
0.03387030612764271
0.0016863032468174288
0.002456114904450954
0.006676412513376452
0.9908674725821727
8.315280276641321e-07
0.9999991684719723
7.906256432356014e-07
0.00011733924938010228
0.0008670262962759893
0.9508097857256668
0.0008670262962759893
0.04733803180675784
1.3794993926840675e-11
0.9933071490620125
0.0066928509241925265
0.00012117544417123201
0.9818947940807183
0.017984030475110446
1.4698569699790312e-05
0.8800642452159578
1.4698569699790312e-05
9.90381835995507e-08
0.0008025147137417794
0.11910374389271741
