4
703687458553872
563499709825026
2
6
4
268435460
2
4
3
3
3
25
3
6
5
5
6
35184372088837
2
68719476741
3
1.3510798882111492e+16
2
8
5
6
5
2
10
7
2
5
2.882303890366136e+17
2
4
32793
4
5
16
4
5
3
8388613
4
7
3
3
10
3
2
8
6
4
3
13
5
2
2
11
4
6
2
2
4
11
2
4
4
8
3
4
3
13
10
7
4
3
67108873
3
4
5
3
3
6
8195
5
4
164
557061
5
1125899923751954
3
5
13
22
2
3
2
7
3
4
131469
7
2052
5
2
5
4
8.112963842405156e+31
6
7
5
4
4
2
3
3
20
7
6
4.157754841923322e+19
5
5
393220
3
519
2
5
3
4
3
6
25
9
4294967296
2
7.212796600333107e+16
4
9
3
4
6
4
5
7
6
3
6
5
4
5
260
7
13
8
7
5
5
10
8
3
6
2
3
5
3
1027
4
3
3
4
135562241
5
5
8
4
34820
2
4
11
5
3
4
2
3
7
2
3
5
3
68719476742
2
3
2199023255557
3
7.205759403792794e+16
4
32768
3
3
8
5
4101
2
3
3
2
2
2
11
6
2
5
2
4
3
4
9007199258944008
4
4
2
128
4
34359738370
2
2
3
6
5
6
10
6
2
4194306
2
75
2
2
4294967310
33857793
2
5
6
5
593920
5
2
4
4
2
8
5
4
3
5
2
5
1048576
3
2
5
3
4
5
2
5
4
3
6
6
6
2
3
3
3
4
6
2
13
32770
9
3
3
8
3
2147483651
2
2
4
6
2684354560
2
2
3
3
3
6
4
6
4
3
2.3058430092137595e+18
4316987392
5
3
3.24518553658723e+32
2
4.722366482938365e+21
4
18
5
4
2
3
6
11
17592186044481
5
2
3
4
2
6
4
3
4
6
4
4
281474976710786
3
105553116299777
3
4
3
3
5
4
2
3
6
3
3
6
17
3
5
2147483652
4
2.305843009280803e+18
2
4
5
4
2
6
5
2
4
3
2
2049
2
12
3
5
3
8
3
6
8
5
68719476738
8
5
4
5
3
7
4
4
5
5
8194
4
4
4
4
8796095119374
2
5
7
2
6
4
3
87962003963905
3
17179869444
2
521
8
8
3
5
15
2052
7
2147484163
3
5
4
2
2
22
3
563121752114178
2
2
3
3
2
6
3
2
24
3
6
3.602941569564688e+16
2
3
3
1026
6
4
1125899906842642
6
70
3
7
6.490371073168535e+32
7.205759403792794e+16
4194308
9
3
4
5
5
5
3
4
5
66816
12
4
11
5
7
5
7
3
2
802817
5
6
6
4
4
4
6.490371073168535e+32
4
9
5
131073
2
6
4
4
3
7
5
10
5
1056774
5
5
13
3
4
10
2
8
4
2
4
4
2
7
3
5
3
4
35186520097792
4
65546
5
19
9
4
4
3
16863361
4
6
7
3
3
5
805306641
2
2
17
4
6
16
5
3
2
515
4294968329
3
3
3
5
3
3
6
2
536870915
6
7
17179869219
3
8796093022471
2
3
3
6
5
2
3
5
9
4
2
258
2
6
4
3
2
5
6
4
13
3
8
4
3
3
3
4
554050781188
35186520097792
2
70375186628672
13
5
4
9
1073741837
516
5
6
2
6
2
2147483652
43980465111040
3
6
2
4
3
4
7
3
34
3
2
2
3
8
6
3
7
4
7
9
11
2
2
3
4
3
5
3
3
3
4
5
5
7
3
2
5
1.4411518807585587e+17
5
4
2
3
2
4
3
2
2
3
524295
2
7
2
3
5
34359738374
13
2
6
2
3
8
8
3.602879809270579e+16
2
281475010265088
4
4328521730
13
2
4
3
17
2
3
2
193514046488576
5
4
2
4
3
5
3
3
2
3
4
2
3
2
2
5
3
3
3
2
3
16
3
6
2
3
2
6
3
4295049224
5
3
2147483653
4
2
5
10
4
9
3
6
2
5
3
5
10
4
2
4
2
5
2
3076
9347
4
2
6
3
4
6
262
3
6
6
2
5
6
30
13
10
11
8
6
8
4
6
4
7
5
9
4
5
12
4
2
6
4
3
4
4
1132781149093898
4
5
3146752
7
24
3
4
5
4
6
1028
4
2
3
5
2
4
2
4
4
2
6
9
2
3
67584
261
3
2
2
4
6
8194
6
4
6
5
6
1048579
5
6
5
2
5
5
3
3
2
5
3
5
12
261
2
3
6
3
274877906948
7
8
9
3
6
3
128
3
6
2
2
5
5
4
2
4
8
2
10
5
5
4615
2199023255555
7
4
3
3
5
5
4
4
4
3
4
5
4
5
2
4
8
3
134217730
6
3
6
4
5
10
6
4099
2
3
10
9
6
4
6
4
4194310
2
6
518
7
4
4398180728840
3
3
2
5
3
8
3
8796227248131
4
6
3
4
3
7
4
6
2
9
5
5
3
14
4
4
8
5
4
3
3
2
7
261
2
2
3
5
2
2
4
2
3
4
3
2
4
2
2
4
4
3
4
2
2
4
3
6
6
67108866
4
2
2
2
3
16777248
2
5
3
2
5
2
4
3
3
4
3
4
3
9
4
2
4
5
8
1.9342814323120935e+25
7
5
2
2
4
6
6
3
5
6.338253001165286e+29
2
2
3
2
3
7
26388279066626
3
6
2
4
6
2
2
2
5
4
2
3
32770
5
4
262
4
7
3
5
20
1030
6
3
2
4
5
5
3
4194306
3
16389
268435553
2
281474976710669
6
4
2
2
6
2
9
4
2
103079215105
5
2
2
3
2
4
2
4
2
8
2
4
5
4
5
7
281475077373973
3
2
8858370052
16842755
4
2
5
11
4503599761588229
2
3
7
3
9
2
2
2
2
4210690
262155
4
4
1.4411520525572557e+17
2
8
4
2
8
5
34359871519
4
4
3
2
5
2
5
8
3
3
5
2
5
5
3
3
2099202
8
4
4
7
1.441151880765276e+17
7
2097157
6
5
4
3
6
6
18
3145730
2
4
21
2
5
5
6
2
3
3
8
3
5
5
14
6
7
2
3
4
3
2
5
4
6
3
2199023255573
2
5
4
8
5
2
4
5
2
36283883716609
3
268435717
3
4
68
8
5
5
2
3
5
393216
12
3
5
5
4.150520055412557e+19
4
7
2
1064
3
2
4
3
3
3
24
3
11
3
4
7
3
6
5
5
3
2050
65537
5
7
3
8
130
3
2
6
4
7
8241
3
137438953475
5
70368761020481
3
2
7
4
4
98336
134217735
6
4
3
4
2
4
2
3
2
4
7
68
5
3
5
8195
2
6
3
3
4294967322
3
5
2
4
16
3
2
3
2
17179869185
5
2
4
3
4
1.80143985098752e+16
4
4
4
2
37
2
2
4
4
6
4295295490
3
1.475739525918239e+20
4
32769
9
17
4
3
3
2
7
2
4
4
4
4
4
9
7.378697629483821e+19
6
5
1048584
2
3
4
2
4
5
3
5
9
4
8
3
2
5
3
16386
259
4
4
4
3
3
8796093022216
4
2
4
10
7
2
6
2050
3
3
562949953421317
4
17
2
17179869188
4
6
4
3
5
12
17
3
5
2
4
2
3
7
3
4
4
262147
4
4
4
5
6
6597069766658
7171
5
4
4
5
4
3
8
6
3
5
3
5
17179901958
24
11
2
3
5
3
2
3
169
6
9
3
4
3
2
655362
4
3.777893186296038e+22
4
268435459
9
2
3
4
2
2
4
6
4
3
4
3
6
3
3
4
4
2
7
4
10
2
4
2
4
7
7
2
3
6
3
671744
6
4
2
5
3
2
6
6
5
32769
6
20
5
6
67108882
2097158
67108864
4
4
8
2
34
10
3
4
5
10250
4
3
3
5
4
3
4
2
2
2
3
3
24
3
88
5
3
3
65
1.8447874372199776e+19
2
4
3
8195
3
147456
3
2
4
2
3
7
3
5
8
10
3
2
3
4
282884
7
3
410113
5
2051
6
3
5
5
5
3
6
6
26
5
2
4
5
5
2
4294967296
2
3
2
4
4
2
3
33795
5
5
8
5
5
3
4.78901615535551e+22
3
7
4
3
1081346
2
4503599627370500
4
36864
3
3
3
4
8
5
3
134217732
3
4
5
8
9
6
16391
135266308
4100
5
8
6
32774
5
4
9
2
4
2
45
5
2
3
6
2
3
4
4
262657
70368744177700
5
5
5
2
5
1032
3
4
3
3
2
9.223372036854776e+18
3
6
5
5
65539
4
2
5
3
4
2
3
8
2
6
7
4
2
11
4
4
4
3
4
4
3
2
6
6
2
2
2
3
6
7
2
2
11
2
5
4
4
4
5
11
8
3
2
2
4
2
10
2
6
4
7
65545
262149
3.777893193332805e+22
6.346860552976963e+27
4
2
5
18
4
4
3
4
2
17179934728
2251799813685252
6
3
2
4
26
4
4
16777217
3
5
3
5
2
2
5
4
6
135266308
4194308
13
4
4
3
3
4
5
5
4
5
536871171
16390
4
3
5
9007199264243712
7
2
2
4
5
6
6
3
4
3
16393
11
5
3
4
2
5
4
3
3
2
3449410617344003
6
2
4
2
5
3
2654209
2
6755433809249508
22011707396
47781511176
5
131079
3
2
274877906950
6
6
6
4
5
5
4
5
5
5
5
5
9
4
6
6
17
4
4
6
6
3
6
6
4
5
9
5
7
6
10
15
5
16
10
3
8
4
3
4
5
7
5
4
4
5
4
7
4
7
5
3
8
5
6
3
18
4
17
4
68719476740
36
281474976710659
9
7
1025
1073750276
13
8198
4398046511111
1.4411518834638848e+17
5
149533849812996
9
17
6
2.475880078579768e+27
17592186044419
35184372088838
1.0108815752392834e+22
9663676420
259
5
3
2
5
7
4
3.602879916644762e+16
9
20
4
4101
4
5
261
1032
4
261
4
4
4.056481920730335e+31
3
34359738373
3
3
4
3
3
5
4
4
6
3
4
9
5
9
5
5
6
5
3
2
4
6
4
3
32772
5
7
4
6
524298
3
4
134217730
6
4
8
8
5
7
3
2
2
3
7
4
3
3
2
2
5
3
5
4
3
4
5
2147483662
5
68
2
1048836
7
4
3
3
17448304642
5
5
6
6
2
7
4
3
3
4
10
3
4
131
34
263181
3
5
3
5
6
3
7
11
9
4
3
2053
9
8
7
3
5
11
5
32
3
4
4
3
7
7
4
3
3
4
4
8
14
6
5
3
4
4
5
3
6
6
3
2
3
5
6
4
3
7
7
5
5
4
3
16
5
11
4
10
9
5
518
8
6
5
4
4
3
38
5
19864223751
18
1073741827
2097154
16777218
851968
4
16
4
8
4
3
6
6
6
4
3
5
6
3
176178572
5
3
3
2
10
3
3
3
5
6
4
9
5
5
105561739891758
1048579
35184372350980
5
2
4
3
4
6
5
4
3
3
3
4
6
6
8
3
3
6
4
4
7
9.903520316588887e+27
5
5
2
4
4
3
2
5
293
1048586
1073741826
3
3
11
1.8889466212953558e+22
5
3
3
4098
140737488355487
67108869
3
4
3
3
4
5
3
10
5
9
3
4
7
2
2
3
6
3
4
67108868
4
4
4
4
9
4
4
5
9
6
7
5
162
77
268435458
4
11
6161
175019925504
131083
10
17179870209
4
1082130435
4
2
4
153125122
1.2250494695364362e+18
7
5
2
5
5
3
4
4
2
3
68173824
516
3
7
5
2
7
7
6
4
3
9
4
17592186044418
52776558657539
2.882303933315809e+17
105553116530694
4503599661189161
8
6
9
5
3
5
27
4
5
8
3
4
5
4
4
5
6
5
2
3.022314549036573e+23
1.2251198393543557e+18
5
8
7
5
2
3
4
3
137438953475
5
149533581377555
5
6
2
4
9
3
6
6
4
4
3
2
9
6
3
2
6
3
5
6
9
5
8
2
6
9
4115
4
3
5
17412
17230331905
2
7
3
2
5
2
6
5
3
7
6
11
4
4
5
6
4
4
4
4
2
4
536870914
3
5
4
4
5
8
6
1041
4
6
7
5
5
9
6
4
7
7
4
5
3
4
262147
2
4
133
4
9007337767436296
67108865
24
38
3
6
3
3
5
8
5361
7
1028
5
578
2
2
2
3
2
2
5
4099
4096
3
4
3145728
4
5
3
7
8
7
2
2
2
4
4
4
4
3
4
6
4
7
4
3
5
4
4
4
5
6
4307555333
3
524291
2330964650885120
8197
4
4
2
3
8388624
3
130
4
6
263043
263170
4
10243
9
3
3
3
3
4194561
2
2
4
3
4
3
3
2049
3
5
1027
536870916
2.028240960365167e+31
2
1029
131
34
4
4
3
1048592
49186
2
3
5
3
2
2
3
16777220
12288
4290
4
35186520097792
35876
4
7
4
4
2
4
6
4194311
21
12
5
2
2
3
4
8
4
15
3
3
4
4
4
2
2
5
1073774628
2
3
1027
270532866
8195
35184372088835
11
2
8
262147
33554438
7
3
6
5
4
3
17
6
4
2
3
68719476777
65
5
3
3
2
8
3
4
3
3
2
2
4
8195
3
4
3
2
7
5
2
2
3
5
3
2147483653
2
8589934595
2
2
3
2
2
2
2053
3
5
4
3
5
5
3
6
3
7
5
9
4
6
2
13
12
3
3
4
5
3
5
3
3
3
2
2
16388
13
4
6
3
2
3
3
3
7
3
3
2147483650
8
2
33
2
4
3
9
3
4
7
4
2
68719738880
2
3
4
6
5
3
5
2
4
4
3
4
6
2
7
4
1048592
2
4
4
6
2
2
2
2
3
6
67108867
3
8
5
4
2
4
3
49184
3
3
2
3
2
7
2
2
2
6
3
2
3
6
8
2
3
2
4
2
2
5
3
2
2
2
2
2
6
3
6
4
2
4
10240
4
2
3
3
6
4
3
3
2
4
2097157
2
16385
3
2
2
4
3
3
4
5
3
4
2
2
3
2
2
2
2
262147
6
3
2
3
2
5
7
18432
4
2
3
2
2
4
2
2
2
4
3
2
2
3
2
6
2.8823037615590605e+17
3
2
2
2
2
2
2
2
3
2
2
2
2
2
3
2
2
2
3
2
3
67108865
2
2
2
3
5
2
2
1.1529215046072402e+18
8589934593
4
4
3
2
4
4
3
4
2
3
2
2
2
2
65
24
3
2
2
2
7
6
2
17179869187
334
129
4
4
4
3
3
4
8389124
3
1073750027
131074
2
3
5
3
3
4
3
2
3
2
2
3
3
2049
2
3
2
2
3
3
2
2
2
5
5
