31933
77259
46413
60164
32794
23579
67700
71184
40877
41239
24051
83865
56192
40581
38717
57359
12610
88405
57479
43125
22590
48826
65768
24118
64571
53645
57281
38385
26195
57525
29976
74333
90921
10039
73947
83938
52471
76991
37498
23209
70523
46615
58140
33170
20016
45570
33336
93624
27430
58785
22725
28960
90034
75948
55280
43128
57359
23218
65303
66085
36681
24300
60044
35452
60825
26733
58013
53349
28061
60936
66461
10231
58140
66130
70894
56787
43456
27618
32550
53889
12888
70623
23112
45129
52533
81786
54040
70894
3099
103648
86485
25509
64326
44288
40671
82778
37498
19511
57503
74113
