4
17592219729921
3.603759311202714e+16
2
6
4
5
2
4
3
3
3
17
3
8
5
5
6
9007199254741016
2
6
3
6.91752902764109e+18
2
8
5
6
5
2
34
7
2
5
5.902958103672956e+20
2
4
17592186061186
4
5
32768
4
5
3
9007199321849860
4
7
3
3
10
4
2
7
6
4
33025
13
5
2
2
11
4
6
2
2
4
11
2
4
4
8
3
4
3
13
10
7
4
3
34
3
4
5
3
3
6
268435586
7
4
4132
1074266181
5
1.801439850961306e+16
3
5
12
22
2
3
2
7
3
4
35184372091397
38
549755813892
5
2
5
4
2.076918743413992e+34
6
7
5
4
4
2
3
3
20
7
6
3.5420631101205717e+21
5
5
6446645251
3
1048716
2
5
3
4
3
6
10
8193
8589934592
2
5.7646295776913e+17
35
9
3
6
6
4
5
7
6
3
6
5
4
5
5
14
13
8
7
5
7
3
8
3
6
2
3
5
3
131075
4
3
3
4
29884417
5
5
8
4
11
2
4
11
5
3
4
2
3
7
2
3
5
3
1073741830
2
3
137438953477
3
70368744177667
4
524288
3
3
8
5
67108869
2
3
3
2
2
2
11
6
2
5
2
4
3
4
17179873291
4
4
2
512
4
2097155
2
2
3
6
5
6
10
6
2
1048578
2
587
2
2
14
3014657
2
5
6
5
8391680
5
2
4
4
4
8
5
4
3
5
2
5
1048576
3
2
5
3
4
5
2
5
4
6
6
6
6
2
3
3
3
4
6
2
13
3
9
3
3
8
3
1027
2
2
4
6
35321811042304
2
2
3
3
3
6
4
6
4
3
35184372088837
402915328
5
3
1.6615349947311493e+35
2
1.0141204801825835e+31
4
18
5
4
2
3
6
11
1.4757395258967641e+20
5
2
3
4
2
6
4
3
4
6
4
4099
3.602879701896397e+16
3
422212465066114
3
4
3
3
5
4
2
3
6
3
3
6
2
3
5
2097156
4
1046
2
4
5
4
2
6
5
2
4
3
2
4097
2
12
3
5
3
8
3
6
8
5
4
8
5
4
5
3
7
4
4
5
5
268435585
4
4
4
4
1073741959
2
5
7
2
6
4
3
281475245150209
3
8796095123459
2
134
8
8
3
5
33795
260
7
274877923331
3
5
4
2
2
22
3
34360795140
2
2
3
3
2
6
3
2
9
3
7
2147483920
2
3
3
4098
6
4
281474976710674
6
7
3
7
1.298074214633707e+33
70368744177672
262148
9
3
4
5
5
5
3
4
12
112
12
4
11
5
7
5
4
3
2
6815745
5
6
6
4
4
4
6.64613997892458e+35
4
9
5
536870913
2
13
4
4
3
7
5
10
5
269484038
5
5
13
3
4
10
2
8
4
2
4
4
2
7
3
2
3
4
562949986979848
4
167944
5
19
16385
4
4
3
376833
4
6
7
3
3
5
277058945036
2
2
2
4
6
16
5
3
2
4
1.1529215046152376e+18
3
3
3
5
3
3
6
2
4
6
7
1099511628803
3
68719476744
2
3
3
69
5
2
3
5
9
4
2
1026
2
6
4
3
2
5
6
4
13
3
8
4
3
3
3
4
274894684164
562949986979848
2
281475027042305
13
5
4
9
274877906957
6
5
6
2
6
2
1028
3.602879701896397e+17
3
6
2
4
3
4
7
3
34
3
2
2
3
8
6
3
7
4
132
9
8
2
2
3
4
3
5
4
3
3
4
5
5
7
3
2
5
70368744177668
5
4
2
3
2
4
3
2
2
3
15
2
7
2
3
5
17179869190
13
2
6
2
3
8
14
1.801443286922035e+16
2
275951648768
5
142606338
13
2
4
3
17
2
3
2
844424930131968
5
4
2
4
3
5
3
3
2
3
4
2
3
2
2
5
3
3
3
2
3
16
3
6
2
3
2
6
3
2057
5
3
1029
4
2
5
10
4
9
3
6
2
5
3
5
10
4
2
4
2
5
2
10
1310786
4
2
6
3
4
6
4
3
6
6
2
5
6
30
13
10
11
8
6
8
4
6
4
7
5
9
4
5
12
4
2
6
4
3
4
4
32436213776387
4
5
50331649
7
3
3
4
5
4
6
266243
4
2
3
5
2
536870914
2
4
4
2
6
9
2
3
24576
7
3
2
2
4
6
3
6
5
6
5
6
4194307
5
6
5
2
5
5
1125899906842626
3
2
5
3
5
20
6
2
3
6
3
1048580
7
8
9
3
6
3
512
3
6
2
2
5
5
4
2
4
8
2
11
5
5
2057
68719476739
7
4
3
4
5
5
4
4
4
3
4
5
4
5
2
4
8
3
131074
6
3
6
4
5
3
6
268435459
2
3
10
9
6
4
6
4
7
2
6
7
7
4
7.378697629698569e+19
3
3
2
5
3
8
3
3.602879702735258e+16
4
6
3
4
3
7
4
6
2
9
5
5
3
38
4
4
8
5
4
3
3
2
7
6
2
2
3
20
2
2
4
2
3
4
3
2
4
2
2
4
4
3
4
2
2
4
3
6
6
17179869186
4
2
2
2
3
576
2
5
3
2
5
2
4
3
3
4
3
4
3
9
7
2
4
5
8
1.2544056362064953e+21
7
5
2
2
4
6
6
3
5
2.5353012004564594e+30
2
2
3
2
3
7
2.161727821137838e+17
3
6
2
4
6
2
2
2
5
4
2
3
3
5
4
9
4
7
3
5
8
40
6
3
2
4
5
5
3
262146
3
6
131106
2
2.9514790517935283e+20
6
4
2
2
6
2
9
4
2
3
6
2
2
3
2
4
2
4
2
8
2
4
5
4
5
7
24
3
2
67108868
1028
4
2
5
11
70368744178181
2
3
7
3
8193
2
2
2
2
524294
4194311
4
4
4.611686020591649e+18
2
8
4
2
8
5
31
4
4
3
2
5
2
5
8
3
3
5
2
5
5
3
3
12582915
8
4
4
7
1.1529215046073876e+18
7
68719476741
6
5
4
3
6
6
18
2097154
2
4
6
2
5
5
6
2
3
3
8
3
5
5
14
6
7
2
3
4
3
2
5
4
6
3
37
2
5
4
8
5
2
4
5
2
2322168557862916
3
16390
3
4
1073741828
8
5
5
2
3
5
393216
12
3
5
5
3.541991034934356e+21
4
7
2
2065
3
2
4
3
3
3
24
3
11
3
4
7
3
6
5
5
3
16777218
16777217
5
7
3
8
3
3
2
6
4
4099
32802
72
4194307
5
9007207844678912
3
2
7
4
4
10304
10
6
4
3
4
2
4
2
3
2
4
7
2052
5
3
5
4
2
6
3
3
27
3
5
2
4
16
3
2
3
2
17179869185
5
2
4
3
4
9007199255019524
4
4
4
2
1029
2
2
4
4
6
33554437
3
2.4758800785707605e+27
4
524289
9
17
19
3
3
2
7
2
4
4
4
4
4
9
35184372088835
6
5
13
2
3
4
2
4
5
3
5
9
4
8
3
2
5
3
262180
4
4
4
4
3
3
2097160
4
2
4
10
7
2
6
16777218
3
3
6
4
17
2
32772
4
6
4
3
5
12
9
4
5
2
3
2
3
7
3
4
4
131075
4
4
4
5
6
1140850690
181
5
4
4
5
4
3
8
6
3
132114
3
5
1077948416
2
11
2
3
5
3
2
3
169
6
9
3
4
3
2
524802
4
154618826791
4
8796093022212
9
2
3
4
2
2
4
6
4
3
4
3
6
3
3
4
4
2
7
4
3
2
4
2
4
7
7
2
3
6
3
1074282496
6
4
2
5
3
2
6
6
5
1048577
6
20
5
6
19
33554438
32
4
4
8
2
4
10
34
4
5
4131
4
3
3
5
4
3
4
2
2
2
3
3
24
3
9
5
3
3
2
5.902958103758876e+20
2
4
3
16387
3
320
3
2
4
2
131
4
3
5
8
10
3
2
3
4
67121164
7
3
720897
5
11
6
3
5
4
5
3
6
6
23
5
2
4
5
5
2
137438953472
2
3
2
4
4
2
4
20
5
5
8
5
5
3
2.477935254200697e+28
3
7
4
3
4114
257
1.4411518807585587e+17
4
4196352
3
3
3
4
8
5
3
67117056
3
4
5
8
9
6
8
524300
5
8208
5
6
7
5
4
9
2
4
2
31
5
2
3
6
2
3
4
4
536944640
34359738388
5
5
5
2
5
2056
3
11
7
3
2
1.888946593147858e+22
3
6
5
5
259
4
2
20
3
4
2
3
8
2
6
7
4
2
11
11
7
4
3
4
4
3
2
6
6
2
2
2
3
6
7
2
2
11
2
5
4
4
4
5
4
8
3
2
2
5
2
10
2
6
4
7
8388610
33554947
1204738376528
4.310012040923568e+31
4
2
5
18
4
4
3
4
2
1077948418
2251799813685252
6
3
2
4
8260
4
4
4194305
3
5
3
5
2
2
5
4
6
134219780
133
13
4194818
4
3
3
4
5
5
4
5
2053
7
4
3
5
21493727233
7
2
2
4
5
6
6
3
4
3
2057
11
5
3
4
2
5
4
3
3
2
1.0808691514042163e+17
6
2
4
2
5
3
8804750065665
2
1688849894868162
18257805316
35437674519
5
1073741831
3
2
7
6
6
6
4
5
5
4
5
5
5
5
5
9
4
6
6
17
4
4
6
6
3
6
6
4
5
9
5
7
6
10
15
5
16
10
3
8
4
3
4
5
7
5
4
4
5
4
7
4
7
5
3
8
5
6
3
18
4
1025
4
68719476740
1028
4
16
38
1025
17592186634242
13
8388613
70369281188130
7.205759404631706e+16
260
72569914916867
12
1025
6
3.6028797018963976e+16
2.8823037615171994e+17
2.305843009213698e+18
2.4759405248617413e+28
272629764
259
5
3
2
5
7
4
140737490452484
16
5
4
34359738373
260
5
520
67591
5
7
4
4
7.922816251440845e+28
3
2097158
3
3
4
3
3
5
4
4
6
3
4
9
5
9
5
5
6
5
3
2
4
6
4
3
260
5
7
4
6
11
3
4
268435458
6
4
8
8
5
7
3
2
2
3
7
4
3
3
2
2
5
3
5
4
3
4
5
5.76460752303448e+17
5
516
2
6
7
4
3
3
4194306
5
5
6
6
2
7
4
3
3
4
10
3
4
4
3
16
3
5
3
5
6
3
7
11
9
4
3
32773
9
8
7
131105
5
11
5
32
3
4
4
3
7
7
4
3
3
4
67
8
14
6
6
3
4
4
5
3
6
6
3
2
3
5
6
4
3
7
7
5
5
4
3
16
5
11
4
10
9
5
70
8
6
5
4
4
3
6
8193
18253611015
16386
536870916
33554434
4294967298
3407872
4
16
4
8
4
3
6
6
6
4
3
6
6
3
2474438207128
5
3
3
2
66
3
3
3
5
6
4
9
5
5
105561706201132
32771
140737488356356
5
2
4
2
4
6
5
4
3
3
3
4
6
6
8
3
3
6
4
4
7
7.73736136385777e+25
5
5
2
4
4
3
2
5
41
6
8195
4
4
4
1.2089258196190272e+24
6
4
3
66
1.152921504606847e+18
549755814954
3
131
3
3
4
5
3
10
5
9
3
4
7
2
2
3
6
3
4
68719476740
4
4
4
4
9
4
4
5
9
6
7
5
4612
51
34359738377
66
11
2166785
670014898304
35184372097282
3
35184372613121
11
142606339
4
2
4
4362092546
5.188148974049034e+18
7
5
2
5
5
3
4
4
2
3
70866960384
1099511628042
3
7
5
2
7
7
6
4
3
9
4
2199023255554
281474976711683
5.902958103715906e+20
422212465067015
9007199254806532
8
6
9
5
3
5
13
4
5
8
3
4
5
4
4
5
6
5
2
8.112963841460668e+31
5.188219344940696e+18
516
8
7
5
2
3
4
3
4
5
140737492551695
5
6
2
4
9
3
6
6
4
4
3
2
9
6
3
2
6
3
5
6
9
5
8
2
6
9
65555
4
3
5
2099204
352321537
2
7
3
2
5
2
6
5
3
7
6
11
4
4
5
6
4
4
4
4
2
4
1125899906842626
3
5
4
4
5
8
6
266241
4
6
7
5
5
9
6
4
7
7
4
5
3
4
67108867
2
4
68
4
17617955856391
134217729
8
7
3
6
3
3
5
8
15
7
5
10737680384
6442713088
2
2
2
9
2
2
5
515
12
3
4
2097152
4
5
3
7
8
7
2
2
2
4
4
4
4
3
4
6
4
7
4
3
5
4
4
4
5
6
1048840
3
4
3.715469692582298e+16
6
4
4
2
3
144
3
97
4
5
2099
2098
4
27
9
3
3
3
3
33554561
2
2
4
3
4
3
3
65537
3
5
131075
134217732
69793218562
2
274878431300
67
32777
4
4
3
1049608
6210
2
3
5
3
2
2
3
5
67125248
32779
4
562949986979848
8390149
19
7
4
4
2
4
6
139267
9
12
5
2
2
3
4
8
4
15
3
3
4
4
4
2
2
5
134221892
2
3
35
65539
19
35184372088835
11
2
8
4194307
17179869190
7
4
6
5
4
3
17
6
4
2
3
4194309
131074
5
3
3
2
8
3
4
3
3
2
2
4
131
3
4
3
2
7
5
2
2
3
5
3
33554437
2
524291
2
4
3
2
2
2
7
3
5
4
3
5
5
3
6
3
7
5
9
4
6
2
13
12
3
3
4
5
3
5
3
3
3
2
2
5
13
4
6
3
2
3
3
3
7
3
3
258
8
2
2049
2
4
3
8193
3
4
7
4
8396800
1.8014407099416576e+16
2
3
4
6
5
3
5
2
4
4
3
4
6
2
7
11
4294967808
2
4
4
6
2
2
2
2
3
6
515
3
8
5
5
2
4
3
6208
3
3
2
3
2
7
2
2
2
6
3
2
3
6
5
2
3
2
4
2
2
5
3
2
2
2
2
2
6
3
6
4
2
4
48
4
2
3
3
6
4
3
3
2
4
32773
2
4097
3
2
2
4
3
3
4
5
3
4
2
2
3
2
2
2
2
131082
66
3
2
3
2
5
7
327680
4
2
3
2
2
4
2
2
2
4
3
2
2
3
2
6
3.777893186295716e+22
3
2
2
2
513
2
2
2
3
2
2
2
2
2
3
2
2
2
3
2
3
274877906945
2
2
2
3
5
2
2
9007199255019520
2147483649
4
4
3
2
4
4
3
4
2
3
2
2
2
2
385
12
3
2
2
2
7
6
2
536870915
15
4194305
4
4
4
3
3
4
6
3
2147516451
8197
2
3
5
3
3
4
3
2
3
2
2
3
3
17
2
3
2
2
3
3
2
2
2
5
5
