97.6375
29.9426
61.643
40.7636
34.4045
54.7576
122.694
77.2226
75.8183
19.0556
134.3347
61.6945
78.3995
168.2686
119.7473
76.4006
41.2536
31.3671
80.1791
93.4798
83.8304
66.9638
116.8758
64.6589
81.6667
43.7165
110.0311
95.1607
54.363
137.5781
87.7592
78.2753
38.4286
-8.7143
81.2857
71.4286
21.4286
49.0
109.8571
41.2857
18.2857
18.0
96.2857
61.7143
92.2857
138.4286
108.5714
55.4286
39.9015
32.5225
38.6685
3.0474
57.991
51.8228
88.4991
38.7544
80.9063
11.4559
116.818
46.8348
51.9736
130.6559
78.6709
65.7453
74.25
39.0
54.0
38.25
17.75
22.5
69.0
64.5
47.0
3.25
91.5
55.5
65.5
105.75
81.75
66.75
82.729
13.522
68.5422
99.0918
37.771
63.3623
135.5594
66.2455
79.6788
-3.0044
133.2685
90.7469
53.1631
148.8861
105.2034
75.1527
48.8571
14.5714
51.1429
68.4286
10.1429
47.4286
109.1429
53.1429
27.0
5.2857
95.4286
58.5714
63.8571
130.7143
77.0
61.4286
52.1156
6.2702
55.8491
61.9908
63.2428
98.9518
114.9681
62.1168
30.2596
48.4146
107.0997
47.8455
121.6636
164.802
113.9688
78.6718
38.4204
13.0491
44.7213
72.4654
56.8355
84.1435
118.4273
54.4849
51.2098
19.7057
108.7063
64.0926
61.8022
146.6188
74.7998
78.4318
70.9927
37.6751
62.0672
78.4174
33.2341
59.7695
97.3031
91.3448
35.8748
-6.9002
131.4428
89.853
97.0054
163.7913
102.726
116.314
60.9348
17.8314
46.5755
54.7496
43.1119
68.4601
81.9274
68.4643
19.0627
31.4569
88.113
49.2297
111.0986
130.8668
94.8631
75.3515
47.8
4.2
69.0
65.8
8.6
47.0
126.0
28.4
47.8
20.2
94.4
42.0
50.8
124.8
96.2
31.6
39.3722
46.0154
10.6803
75.4232
73.8613
101.9501
87.6108
90.8781
21.7716
50.3782
85.8003
61.6395
92.2142
140.3873
53.9546
100.2515
26.1718
52.7903
40.7188
65.0749
109.8665
103.9268
95.6942
77.1413
61.5663
50.0392
112.4686
76.932
93.7873
152.9841
69.3527
112.6529
77.5703
3.2917
79.2596
62.1897
38.0284
49.8513
98.6106
52.6824
61.1979
32.3377
97.2558
52.6307
68.0397
123.6181
121.5501
48.3541
98.6769
26.6462
49.7692
49.4923
19.4462
35.2769
71.4462
90.7846
44.2769
-19.3077
118.3077
76.2
76.0615
136.4769
100.0615
97.9846
30.5378
3.0584
12.0837
46.1713
67.4077
69.344
60.5697
62.7384
25.6428
13.3798
90.9668
73.7238
80.4927
116.3625
68.7915
75.6441
-4.4242
13.303
61.0
34.4242
93.6667
71.4848
78.9697
37.9697
34.4545
47.2121
95.5152
67.2727
113.6364
133.9394
88.0909
74.2424
19.0894
15.7561
33.8618
33.6829
68.7073
60.6992
72.6829
46.3659
48.7967
9.2033
105.8943
70.8862
69.4797
123.8537
73.5772
76.3577
77.9108
25.43
38.8827
37.8598
49.4263
74.7621
122.6031
69.7768
63.4941
16.0963
125.6787
56.139
87.9429
163.988
90.5789
82.5731
10.2727
33.0
29.7273
6.6364
78.7273
59.9091
78.2727
36.6364
71.6364
38.6364
100.5455
50.0909
49.3636
122.4545
68.7273
58.3636
45.1069
-1.1291
67.2777
77.7442
76.3188
70.7951
108.2843
72.6347
46.3937
39.797
117.6934
98.9803
97.6615
160.0367
117.2385
77.7377
57.7059
-23.7647
74.1765
73.0
30.0588
71.3529
146.2353
24.4706
57.0588
1.4118
120.5294
56.0
78.8824
148.1176
113.0588
46.0588
