-6724
1905
9398
35552
18288
26543
17780
13081
16002
23495
51824
-4318
-2286
187931
-4699
-2540
-3302
27863
8255
3937
6454
14097
11430
62765
11049
10414
-40235
-8636
2032
-6985
54215
14351
5588
15367
45632
-8001
-381
72700
15367
10922
13970
55811
4191
2032
75361
14986
-7239
2159
5969
-1778
18161
11811
13081
-1270
1778
2794
1778
4064
63366
39243
46101
3048
11938
32639
14351
39436
1524
3683
5461
42813
8509
12065
272650
48006
40894
47879
23241
35814
24130
8763
35687
43180
4826
28194
46482
21844
45974
16002
76584
5207
7747
7747
70739
7874
5588
4826
6350
-39654
-6985
-8128
-7747
127
32988
17272
12573
46089
-3302
-4699
187098
-4572
-635
-1524
-4699
49496
18796
5715
91654
-762
-889
1397
25263
10922
12573
10922
87595
5080
381
-2667
234786
24511
15494
4826
9017
10541
24130
6223
14986
25781
24765
7620
114424
4699
9271
-2413
5842
2667
4191
254
-254
9144
762
1778
4826
93765
23622
24130
3175
23586
10668
6604
24130
25721
8128
8001
17145
22987
15367
17854
2413
-8128
1651
33694
-254
-2667
-1143
-6858
6223
-5969
36632
7493
6731
9737
10033
22479
54242
3683
3683
38730
2413
-4191
29345
18796
17780
15240
93366
20701
14224
7620
48012
14732
13081
6731
-12479
11049
889
14859
0
51859
11176
2794
78827
19177
8001
5080
2159
8890
13208
22987
15367
15367
13970
3175
77078
-4826
-889
-381
10289
17526
11303
36328
4826
11811
80732
9906
-1905
-3937
4699
4445
1270
35428
8509
2032
118503
30480
5969
1778
17780
14986
10033
19050
42016
7747
13843
4572
75290
19685
7112
3810
6223
24003
24130
19685
3429
23749
56985
-127
-254
7747
17889
8382
19812
92082
2413
-3810
2667
254
5235
16002
1270
6350
22225
137977
21717
13970
5715
16553
9906
14224
19304
96549
-254
-1651
1651
6985
254
-1651
67989
25019
11811
11557
8255
24003
10541
24130
20955
57694
8509
6477
9271
2032
58859
19812
8382
9652
7493
7366
11684
8763
50002
9271
7874
29489
0
-2413
131333
-4699
-2540
22718
9779
16129
70248
32512
30480
20574
30988
60353
7747
9017
69764
8509
889
62722
4953
17526
11176
9144
81365
5842
14478
3556
10160
9779
381
254
1651
-1706
18923
12700
24892
7369
8382
8509
118195
-3302
508
2921
2159
-22992
-5334
-1905
103558
6731
7493
9525
5207
9271
-74526
-15494
-7620
-6096
-11684
-9525
-1778
-15113
4096
2667
13843
167383
762
3556
0
-3175
127
25501
-254
21717
16764
77138
5588
3175
4826
1397
56763
39878
44450
30226
20066
21209
28575
12700
-10886
6096
14224
122294
18415
2032
3175
1778
3683
1397
1651
2667
2159
9652
14097
6223
5334
12319
16891
2159
8255
24782
2794
5588
3556
-33799
0
-2413
51896
8890
1524
8890
71732
5080
381
7747
34818
-2794
-4699
32130
22479
10033
20801
-4191
-8128
3048
24656
3810
3683
77038
3937
5588
7239
52975
-2413
381
34971
11557
10414
13716
-775
14732
-5080
6350
3937
-5080
4953
5969
18272
0
-1905
762
-508
0
30987
1778
6604
8128
1397
103489
40894
12827
48387
14859
41656
7620
14605
31623
22606
32131
45339
68629
34544
17526
13843
9652
90094
23876
3175
4191
-64270
-9144
-8001
-889
-7620
-1397
-9398
-1397
-3175
1134
19558
9144
7112
9271
7620
26155
22352
16510
-13632
16637
19558
22352
118337
18288
17653
-61470
-16129
-14605
-5080
7239
-19558
-18161
29824
-9652
-6858
-55405
-5080
2032
-6985
-68643
-4064
-5842
-5080
-10922
-10287
-23817
-5080
14732
127
1397
2159
-5461
5969
-33956
-4826
-2667
-28833
-2794
-3429
-12839
-7239
14986
14986
18415
6604
-42037
-9271
-5715
1778
5461
-5969
-4953
-8001
-11891
-1905
-4572
-5334
-29770
-9144
-2159
-47752
-7620
1016
51725
-8128
2413
-4191
-2667
37988
-1905
0
762
-3810
-2667
17984
16383
3683
12573
8552
-762
3429
-2032
3376
6223
11684
7112
32283
4191
3683
32809
9779
12065
52645
13335
8382
-30825
381
-5969
22090
127
4064
14579
6350
-508
15671
-1524
3683
51340
-1016
5588
4191
11395
7112
21082
13970
8128
16913
762
0
-1905
-1016
0
3683
-3175
44591
11049
3937
37714
23114
11303
57798
9271
4699
11049
7112
27573
8001
8128
19177
12192
5080
15367
23241
1778
18288
10668
15875
9271
46958
6477
4826
6223
24130
7620
30863
12573
8636
8382
13081
17145
8509
18288
12065
4064
17653
59696
-1397
2413
4318
8734
5080
7112
41467
-2794
3810
122918
24003
29845
22606
11303
254
14351
19253
4064
127
12006
11049
11811
13462
13208
13970
-22372
-3048
0
44180
3683
1524
5461
68672
10795
14986
8890
2921
5588
10668
10287
6731
11430
34379
8636
15240
6477
17780
55716
8636
-1524
75361
14986
-7239
2159
5969
11811
13081
-1270
1778
2794
1778
4064
-20750
6985
13589
8509
7747
13716
21233
17526
13208
12573
7874
45006
6096
11684
5461
4826
18923
-10146
-381
10414
7493
17145
22987
9144
-57307
-14605
-16129
-13716
-19558
-18161
39978
-10414
-3683
-9271
-8763
-4953
60637
17526
4953
34544
11176
18288
27494
26543
18288
13081
16002
31745
-1016
4191
-4776
3556
3302
3810
3429
-6731
8636
5020
1778
2921
3937
8128
27760
1778
762
33088
7874
7874
-8194
1143
4572
7253
-1524
4699
14859
19685
22254
9652
-762
9978
-381
-1778
-2540
67857
-8382
-6858
39756
7620
381
5080
68848
14732
5588
17780
16256
17780
9652
7493
10922
81855
3683
-3048
72204
22352
3429
3429
5207
30073
6731
3683
3445
3810
8636
20723
-762
-2540
14687
4064
3048
9652
44181
8128
8255
381
8890
26295
5588
14351
15367
39549
18796
12954
1524
12573
1524
19269
12573
2032
20828
20828
0
9939
2667
3556
24130
35106
2413
4064
-3097
1270
8763
54696
9398
17780
38951
-254
8636
-3290
1270
16002
18288
6985
16206
1778
2921
23619
9271
2794
28579
14859
12319
7493
21082
34666
-889
-254
-4191
4064
60248
508
7239
1651
34846
15621
7493
6648
-3175
1143
5588
7874
10668
8636
5842
-3429
7254
0
5207
-254
54218
14351
12065
44820
17399
25400
4826
17367
762
14351
-1651
7239
-4367
2921
1778
164372
19685
11684
13462
-5117
0
6858
9146
2667
7493
51870
4191
-889
254
1651
-74078
-5969
381
-1397
-1397
36025
6985
1651
8001
1651
1778
508
-3175
1778
12650
-5969
-2667
41717
18923
4191
-4687
13970
11684
6985
6985
15748
23495
9017
4064
30353
10033
12827
13843
25415
8128
9906
-8246
4953
6350
-4771
3048
9398
8509
40591
1651
6985
8001
5842
2667
508
1778
71046
5334
4572
16891
10287
3942
-10160
-1397
-1905
762
7643
381
5588
-12321
6604
0
3683
3937
39387
19177
10541
9525
3175
14017
11684
13970
7874
9017
8509
4064
30353
26767
9144
5080
1778
19319
3302
4826
8255
6223
24003
24130
6604
7620
49240
22352
13081
109213
381
5080
3810
11557
3683
-2667
5969
6566
762
1778
-5282
5080
9144
6731
3429
7112
-635
-17
-2921
-1143
-381
62733
-3556
-1270
-3175
2794
-1651
21524
-3048
1143
10922
8255
2032
2032
6477
178959
15494
24511
2667
16002
5080
21463
6477
25781
24765
7620
27051
31582
-1905
-1524
8509
5334
20657
2667
12700
39391
-127
1397
1143
27674
4191
2032
35771
10668
5588
2159
1270
20943
12065
13589
69317
22352
19304
1016
26712
4191
5715
15367
5715
4445
18462
12573
10160
15250
14986
7366
10795
8001
3350
12319
2032
19852
2032
21844
14859
16764
14605
27432
54799
14224
7366
1016
8509
-508
12065
13716
39624
19050
11811
5080
59274
-3937
254
67625
16383
6731
8001
11303
7112
-635
25965
3048
24130
7620
-37358
381
7620
-4191
4699
11684
-2540
-5207
-19558
50546
14975
-1397
-254
2159
26634
-3302
254
-31381
8128
-8001
9906
-33696
-2667
-4826
14393
1397
-127
101884
-1016
-1270
3683
4699
249605
381
1270
-1397
3556
-4953
-1143
-3429
635
-3683
2794
-2667
6604
-1651
38487
11684
-1524
33501
13589
12065
40633
7493
1143
6223
17723
6223
11557
37227
6096
2794
-127
24055
8890
-127
1149
-3556
-1651
8655
2540
254
31570
-1778
8509
10541
22479
5461
2794
-16939
-4953
-254
39178
-889
2540
3683
-1651
70845
1270
381
6604
6858
-3175
-3429
2794
-1651
4826
30825
4445
14478
17780
16949
6731
5715
13970
15875
8128
-23897
-254
-635
2667
6604
-1397
-1651
-3175
40775
4191
18923
4729
1651
889
35168
2794
10414
254
43436
8890
11811
8636
13462
11811
7747
95978
-254
-127
46267
7112
4318
-127
26508
13970
9398
22237
9398
7747
9398
43308
4318
17399
10160
2667
69511
16510
5715
13970
2486
11176
3048
24936
7747
4699
2667
39283
-889
7493
8636
122887
-1651
-254
-1651
92991
8636
18034
9398
22100
4191
508
4064
635
3810
-5200
18288
26797
2733
-1651
-3556
-1651
12609
3683
24130
6223
-3771
-1651
-2413
60448
-3810
2794
-7988
-127
3683
-4445
5842
3937
43062
16510
3937
127
16213
3683
2032
16891
-2823
-1524
3048
37919
15621
12954
15993
-254
-1397
-508
2159
48446
21717
-254
8636
23682
4572
5207
889
42898
1143
-3048
1016
2032
6731
2032
11862
508
-1905
78966
15621
11557
6223
13970
22457
10922
3810
14859
7874
14351
12065
24130
13081
8636
5080
4953
1778
9398
95969
12700
5080
7874
11811
88418
8382
1524
47214
12065
12573
33660
2667
15494
5715
6477
10541
12319
6223
32131
5715
19812
7620
69155
-254
2540
4191
13817
5842
13589
20110
10160
16510
16637
15113
59661
14732
10414
5969
10922
6397
2159
-1778
20594
9652
9906
13970
315538
40894
48006
52070
23241
46482
24130
8763
35687
43180
6223
4826
9906
16002
43434
-12540
6350
9779
22080
-1397
2032
10668
10287
44929
9906
10922
-6336
5080
28702
37175
1778
2540
3683
6731
2467
8128
6223
43516
1397
13462
10668
20871
11938
9271
43919
0
7239
45473
0
5588
31004
-254
-889
4064
-8492
4064
9652
9652
3362
3683
-127
-7871
12700
18923
24892
19145
8001
17653
17653
16510
32927
6858
4064
5461
68006
-3175
-127
-508
1397
2413
10962
3302
6985
5461
39057
1143
-127
2032
-21516
-1143
4572
-1548
1270
4318
12573
-19083
-3810
-15240
-11176
-20447
-8509
-14859
-14859
-4445
3685
3683
16383
12573
41716
2159
-889
-2667
1189
-508
0
127
1397
24718
2032
13335
16002
-7233
-635
6477
38685
381
10033
1524
45244
12954
6223
26070
4699
4191
7747
1341
2286
6858
42751
8128
7366
31620
13208
9017
17653
18288
17907
4191
3175
37606
1651
8128
9906
9750
2921
1651
31644
9525
3048
17061
2032
12573
20828
7493
20828
0
29902
-5461
-2540
5334
51281
12827
40894
21082
61732
-381
3556
6407
-127
3683
-1240
-1524
-1905
-4699
46120
13589
9271
17145
10922
71004
3175
5588
1397
18424
-2794
635
37138
5334
12319
2032
22987
18161
21717
-33135
-9398
3810
-3683
46555
-127
6477
-20185
-1524
8636
8128
9906
55385
8890
3683
2286
21169
4064
7874
-18400
1016
-7620
53500
-2921
-1778
-7747
8636
7620
-28168
-2794
4191
4953
27982
2413
13335
19304
13335
2032
4318
-3048
58765
-5461
-6858
374177
52070
40894
47879
46482
44958
35687
43180
46482
1778
18923
49851
-3810
-254
-8255
-127
-5715
-8149
508
5969
40328
11176
1016
19932
6731
25400
10287
14717
10033
-254
-2286
66735
4572
5588
7239
34828
-2921
-2413
-762
-48712
-16637
-15621
-15113
8489
254
3556
31373
12065
11430
15367
123500
254
-762
12963
5715
7747
110709
48387
40894
38
-1905
8509
69112
4826
5080
2738
635
-2286
-2286
49867
12700
6731
-3556
19812
18542
11213
3556
1651
50998
-3810
4826
46268
889
-3048
-455
1905
9271
15113
14351
-736
2667
10668
13970
14863
11684
6096
8636
13589
7747
10668
11430
18355
1143
-3175
5588
-3902
10541
6096
-4445
3008
8128
1651
-1524
18542
12332
6223
15748
52827
5334
2286
56044
15494
21844
16764
27432
21244
14605
7747
14838
6985
13970
23495
9017
8509
30353
10033
12827
13843
23000
5461
5588
8001
5715
5969
21072
3175
5715
22252
3810
13208
-16186
254
5080
3691
2032
508
3683
6858
93480
762
-6223
4318
42723
10922
-3048
9906
15367
1270
1016
2032
45203
6604
5588
4064
31328
10414
14732
12192
5080
12700
8890
9525
9398
35941
12573
14732
22987
12573
2286
8509
1020
3302
8636
100258
11811
8890
17653
5715
30858
4191
7620
1270
-26087
0
-1778
69029
11557
6223
4191
10165
3937
12192
17868
5969
12700
5969
9144
-381
10080
5461
14859
3175
44117
4699
6350
-5658
762
-6350
26471
-3048
3683
7945
6731
17399
-37210
2286
508
-889
-3429
-508
12319
68859
11430
3810
8890
2921
5588
10668
10287
6731
11430
83395
6858
1397
7874
6731
9652
51957
4191
5461
1905
33596
15621
15494
-127
9398
15621
73336
889
1016
58477
10668
10287
23631
8636
11684
3683
3429
6096
69429
17907
12573
6604
-127
-1333
4826
1651
7709
13208
8890
22285
6985
13970
9017
8509
30353
10033
12827
13843
73851
10287
-762
10033
25325
5207
6858
17005
1524
-635
-635
3556
33812
2921
-508
54420
-254
-381
2540
-1270
11508
-1016
11811
2794
-4803
7747
15621
13843
28431
19304
15240
39196
127
-1016
-5715
21718
13208
3048
5969
44716
-635
-1397
16010
10414
-381
2794
14478
4826
10287
5080
12192
5715
13462
17272
12065
14986
13716
18288
10668
18558
14097
14224
21717
36955
7620
-1651
55776
7112
19685
6477
5461
5080
4572
6731
6223
24003
3810
24130
2286
14478
6477
5080
6604
6096
7620
-1905
9525
11519
7874
23749
21751
-1778
1016
5461
3683
5334
29523
17018
4826
4298
1143
1397
53366
6477
8763
10160
23575
8382
13462
77937
2667
2540
5461
8001
5588
-5945
3683
-635
114861
13081
6223
28301
16002
10414
254
10695
5207
17653
18288
33397
4191
-1016
9017
8255
4445
10056
2921
14859
14605
2413
-297
3937
8255
18852
8636
12573
8890
21717
11684
8382
13462
13589
8255
14478
13081
6096
3683
12192
11938
8509
18288
16764
12065
7747
13716
13970
8890
9525
12080
2794
762
-2540
30957
-762
3175
-7920
-1143
-2032
762
127
8128
-2716
127
-5080
-508
1397
254
-254
-5461
-5080
5969
38424
-1524
-1270
-6223
254
15450
3175
8128
5842
35462
6096
3683
47791
6223
11557
13081
2667
0
16891
5027
635
-2794
48500
5715
16891
40035
-2667
1270
24598
6223
-1524
-5401
1016
1651
54671
-2667
-1143
-3302
3429
-4699
-2286
-1143
9904
4826
3937
-254
-2286
39542
2032
5461
2032
64774
5842
9652
20447
6765
17780
18288
15621
13081
8001
9017
3683
10668
9906
13843
6604
6688
14224
9906
16891
13081
15621
10287
0
28571
15748
-762
35638
5334
5588
16263
9017
12573
6477
20022
5588
14732
17780
17780
19050
73880
16002
15494
4826
9017
6223
24130
14478
13208
10668
13970
21579
3810
19685
10922
24003
5969
77299
9398
5080
7874
11811
31337
2032
3556
24130
64995
4572
11176
82225
508
-3302
2159
-3175
-8001
4717
1397
7493
24680
11557
22479
14478
95741
-1524
-3175
-1651
21889
12573
26797
9017
20729
6477
-2032
35553
14097
3683
43027
889
2667
2540
1905
119108
-127
2286
3397
13716
17145
16129
4064
4647
-1778
127
76634
-1143
-1143
-2667
381
24088
15621
7747
17780
3683
10668
60498
16002
6985
40058
-3810
2159
63498
17145
22606
7818
-508
-254
15082
6731
7747
12700
82775
8636
2159
5969
2159
42899
5207
6731
18681
-2032
6477
15113
17145
9144
47865
23495
8509
54572
3683
6731
2159
-2585
381
1778
9779
72491
16129
9906
15461
8382
-3302
3227
8255
1778
5461
-31111
-2413
5461
-3048
-3937
25048
8509
-1778
11430
18161
-889
14478
52626
9906
4699
4699
51532
13208
24130
6223
7564
4572
5334
11557
24130
7366
10287
50316
10541
5969
14986
10063
7493
8382
4191
8763
4699
12192
24375
1651
4572
3421
6604
10668
16129
1805
4572
2794
8382
15736
-889
381
28084
15240
4445
17272
6858
29458
14605
12319
-1290
5969
13970
4826
58505
3048
-1651
-2667
79583
889
889
33067
2032
18415
3683
1270
1651
1397
1397
8001
6731
4318
-508
16891
-23906
1397
-5080
6858
127
254
-127
6350
3937
5334
8509
7874
-5461
19558
3683
-5080
4191
3429
1270
6858
0
-7874
127
5969
60397
14478
10414
10287
14986
3980
4826
1651
21060
8001
13462
6096
11820
889
-127
6985
89158
4953
5588
1016
21146
7493
4318
9017
11684
28201
11684
8636
4826
24130
19050
3429
4953
7620
26964
2413
254
1651
8509
7843
-2921
14478
17780
12825
2159
3302
1397
-34650
-5715
-9271
51927
3556
7493
48508
1270
2032
61388
8763
127
5193
2159
14986
14986
-1016
17399
13843
66974
44450
39878
30226
20066
28575
12700
76202
35433
35814
13081
10668
62424
2032
635
3683
-62600
-15240
-3810
-20447
-5080
-14859
50546
31496
55870
-1016
6096
5461
67113
-508
5588
13625
2794
8509
0
22085
8128
22098
12319
10668
13843
52385
-3048
889
-1016
4318
43793
3810
381
-254
2032
0
-3048
6731
-6858
-381
4191
40689
8636
17018
11684
7811
-3302
2667
1651
19295
12319
7874
-16419
-1524
6223
29194
7493
15621
10033
10414
4285
-254
2667
2921
-2540
402
254
9144
5842
1397
1905
36905
10033
22606
53053
8255
2794
38787
16510
13970
8255
7112
88767
2286
1397
2159
24721
3937
1016
2032
-3979
7620
8636
16423
-1270
12065
61782
5588
7874
2794
3937
-1016
381
10668
4572
5461
5334
4953
-508
8763
5080
-254
3556
7620
3175
7747
29845
4191
1905
22606
2032
1016
-4318
-1270
8001
2032
6858
4064
4445
9398
3302
2794
2921
5715
7747
7874
2159
5969
1270
381
5461
6604
4445
5334
1651
8128
12827
7747
4318
-6774
-889
8890
59925
3175
18415
6223
-1016
18231
5715
4191
2667
24003
24130
6223
5461
16855
8001
24003
24130
8636
9271
7620
30914
8763
5588
1270
8706
12700
10033
14732
5207
16383
6731
22007
13462
24511
35206
9271
2032
5461
11811
33471
30226
39878
44450
20066
21209
28575
16764
661
5969
6223
881
3683
-127
55003
9652
19304
5334
-2413
12573
36883
8382
12700
60053
-4445
-3429
22370
8509
2794
9187
-3810
17780
69195
13208
8001
18542
-13141
-762
1778
107795
2413
-1397
4318
-1524
72328
21844
2032
15494
2540
4699
10033
-4425
-381
7747
10795
38595
6223
127
-7970
889
11049
46426
10795
9271
11811
-7031
4699
9906
46305
4445
6477
6858
29333
2540
4445
4318
-508
127
35829
14097
22606
28829
50331
8001
11557
117146
889
1524
14572
9271
10795
55824
6477
19939
6223
324052
47879
48006
52070
23241
4826
11811
24130
8763
35687
43180
6223
4826
28194
9906
16002
8636
64296
4953
5334
52381
19304
22352
9652
1778
15028
6985
5334
72274
22606
17145
10033
14097
381
14605
5334
24892
25400
28829
3016
-1905
-3048
231617
23241
48006
40894
47879
46482
35814
44958
35687
43180
6223
46482
45974
9906
16002
43434
18923
58505
3048
-1651
-2667
37976
2667
889
-3302
-254
2032
3175
7620
1905
0
1270
2032
2921
2540
254
381
1651
54859
2159
-3810
1270
-21012
-1397
-8763
84169
16637
4826
4445
13970
24130
21479
9398
1905
34220
8636
19939
16764
4191
26747
3683
8890
3937
4318
31918
13081
14732
91406
-1651
3048
3048
47033
2921
24130
4826
63713
6223
5969
-3302
254
4808
5334
8890
33799
14351
13843
60587
5080
12700
254
9398
5588
14478
7874
5461
4445
9398
3302
7239
5588
13335
10668
9398
95016
1270
10668
127
19752
1524
-4191
-3556
8547
762
127
0
-10388
4445
15240
-8001
-2159
-2413
762
30536
5461
-4318
-3048
74841
4699
-2794
168129
18923
24765
35664
6985
14351
15899
3048
11176
15211
-254
5588
1174
11430
14097
8509
14097
1651
-1270
5080
9144
64934
1778
18415
6985
6731
-508
16891
1651
43419
13970
5969
3683
13589
16111
14097
11430
37950
762
-1651
28122
3556
2794
5588
26185
3683
18415
8001
44594
-1524
8128
9398
0
111040
1270
-254
54378
15494
5334
17186
5334
15494
-38338
-127
7874
-14827
24892
18923
12700
7493
41012
20828
12573
2032
2159
8890
22987
3048
5588
10668
10287
0
4064
6858
16646
1524
10922
-3272
6731
2921
22812
8382
7493
3175
12827
7493
41486
13462
14097
11197
508
6350
-2032
-7229
-762
9652
15748
9398
8636
16383
9525
762
9779
10160
14986
9271
-1161
14224
2921
16383
102326
-2159
127
24499
2921
-254
3175
3429
1270
1524
10795
889
2032
254
23876
1905
47840
7747
9017
39774
6604
1270
-127
-2667
-3217
2667
-2159
1524
-381
49849
8890
3683
33878
13335
17018
6985
17526
49077
7620
5588
18488
5969
14986
14986
-1397
5207
13081
1143
5334
45622
10033
381
36328
6985
-2540
24845
8382
12573
8636
16764
31867
11176
14478
8890
39617
8636
17780
2540
17780
9906
50902
9017
-1778
42326
6477
4445
36305
-762
11684
70019
17272
13208
6985
36486
8128
-1524
9398
54977
17399
4318
10160
126426
-2413
-2667
4191
144637
1143
-5334
4699
381
2413
-1016
27296
3810
11811
8255
8763
4826
7366
21844
5461
16002
3110
7747
-381
66326
-2032
14224
93805
15748
5842
-4805
0
6604
-508
9017
1651
10033
10610
3556
254
15494
-381
15621
151040
7239
0
889
28289
-1016
-3048
4191
-6354
16510
4445
23594
7747
3810
-12738
-3048
-635
18411
1524
762
-11915
254
127
1397
3429
19591
-254
6985
24286
18161
8509
5461
14478
36503
-635
6477
16256
69737
3302
6731
63368
-889
-4699
-10688
381
22606
14859
5334
2540
3429
24511
14605
3429
2413
11981
4318
7112
12319
85835
9525
1651
10541
9779
17222
2413
0
-12448
-1143
-2032
762
127
8128
-1270
61117
-1524
-127
51746
25400
17399
6731
11811
23241
5588
10668
10287
-44951
508
381
-5080
-3429
38758
28702
5080
8509
6604
12700
13208
32022
-2794
2794
24363
14859
10922
4826
14351
-19971
1143
7493
72728
5461
3937
9398
5969
112985
-2286
-9271
-4191
-22325
4318
1270
12573
4445
18975
10414
5842
-3846
-1016
2159
11811
59497
-635
-4572
-5461
-13963
1397
-508
36039
-3810
2413
45452
8001
9398
25757
9906
5080
5842
8255
48475
-635
4191
8881
1524
1143
33110
7239
5715
25086
16891
14224
10287
14986
23701
10160
12573
49071
4318
3810
42457
10541
-1778
19939
48605
8255
9144
550
3302
5207
119338
1651
-254
6985
254
32581
9144
5080
3429
88495
6985
-254
1651
127
68367
-2413
-1524
28215
5461
6096
-3048
7620
10668
8890
6350
56261
2159
5461
50554
2667
-7493
4572
-6858
-5722
-762
1143
-635
4826
-635
26346
5461
11430
43193
14478
4445
-2921
9779
17780
17776
7366
7620
27984
4064
-889
-2413
27667
1651
-1905
15095
4953
11557
53941
2413
2032
40960
4826
24511
6477
6096
17399
3302
16002
11684
47879
16637
14859
5080
46482
6731
35814
2921
12573
2413
5080
12192
17653
4953
13970
21717
9271
11303
10160
-3175
6096
36062
12573
2921
33665
8509
13716
13462
-14390
9652
889
40050
11049
2667
32464
9398
-762
14986
6954
6477
10033
49012
7112
-889
36880
3683
3683
125063
13589
5334
30010
2286
9144
25674
-8382
7874
-4342
7366
14986
10795
1905
4242
13462
8890
8636
5715
5207
-9988
3175
9144
1651
22383
6604
9017
9525
3175
27894
2921
-635
-508
6731
-291
-2667
-5969
5715
19939
1397
10308
3810
11430
2921
11811
5588
11430
71846
4826
13208
13335
58895
14732
11430
24130
12516
3810
6477
9779
20315
2032
-1397
1143
2667
3429
5588
3429
381
18557
4826
7874
4953
5715
40084
-1016
762
-2286
24071
-254
127
7401
6477
3810
10033
-254
54587
14732
5080
29570
8001
6985
1651
1778
5842
1143
508
122540
-6477
-1524
-1143
-9156
-254
127
19772
3175
10160
37803
2032
508
-20175
5334
5207
-1073
1016
5842
33863
3175
5588
-4318
-2413
7366
23691
381
10795
55832
-3937
1905
-635
-889
70194
6477
8509
9271
-10971
-1778
14986
-508
-1270
12862
2921
3048
22165
7366
14224
13589
8255
11684
6350
7747
82122
-3175
-889
33134
508
3683
27632
7493
3556
24130
90536
6477
-127
-635
6630
8382
2921
87294
10922
10922
4572
5928
1143
-762
-1016
3683
32618
3556
4572
34788
12192
10414
2286
25007
13081
5461
4143
6477
7112
24003
24130
4445
6096
7620
127142
14478
5842
5080
7874
3302
13335
19498
-127
1397
74520
-889
1651
60808
3683
11303
89771
6350
7874
1651
2540
2540
8040
1778
3937
127
16764
23876
-2966
508
6985
-37
381
3810
68527
20320
20701
5969
26826
381
7747
13941
7366
9017
67728
1016
4953
22606
2667
4826
6731
14351
16891
20523
-1905
9906
15482
3556
7747
39490
6350
14732
1397
3937
11176
11682
5842
3302
6444
-2667
-254
-39615
-8001
-9144
8128
4445
-2159
508
-9398
17820
14224
2921
32103
11684
6223
7112
-4449
10033
12700
14732
33615
1778
254
254
889
62982
-1143
-2667
53227
8382
13335
0
136038
2921
-3302
2159
133249
-3302
-2667
14295
5461
7112
24130
14986
13208
7620
23749
8001
3876
4826
5969
23003
13081
14224
10922
74662
18161
14986
-1270
4064
-15026
508
2286
12319
2667
25224
9652
8509
51524
-2413
-4953
55060
-1270
-3556
-1016
-1524
-889
-3683
4699
57619
3810
9271
32871
635
-6858
29036
11811
11049
7239
13208
12573
18288
6604
12065
13208
15875
11938
3175
12571
10795
9271
26111
12065
22479
35687
13335
14224
9906
6904
4318
7493
3556
-7872
2413
-3048
40620
-2159
4953
30508
1651
6985
7112
4572
22616
14859
15621
37013
3556
8763
2286
29778
-381
-254
2540
-1270
41321
1397
-2413
39778
127
6223
5588
-24541
-3048
4191
-381
1905
381
1524
49661
11176
4572
24130
14605
27808
15748
6223
-123
-2794
4445
-1270
56344
11430
22098
10668
4953
12573
62551
3175
2667
2921
3429
1270
2032
2286
4318
381
-1143
70906
8128
2413
7166
20955
6350
6299
1016
-1524
60871
15494
15621
3556
15621
73083
3937
15875
5220
6731
12700
48665
9779
11938
73156
2794
-3810
2667
-508
38331
11303
23114
6858
53779
12700
2667
17145
2921
22987
12319
11303
-50970
-11176
-3810
-5080
50546
31496
15651
4826
8001
-2921
16764
2032
10033
381
508
34310
5334
9652
9144
81039
7747
5207
5588
13834
-4572
-1905
9017
63677
17780
14732
5588
8636
8255
2921
39763
4826
10414
10668
82066
-1397
4445
122191
-1651
1905
3683
1397
30609
14605
21082
130479
22479
-1778
11557
12065
8763
2159
14224
-1524
2794
2159
6604
4869
5080
19177
15494
7112
4826
9017
6223
7493
24003
5207
24130
6223
14986
5461
24765
10668
7620
16383
6858
6200
3048
13208
-1664
9144
-2667
17653
4699
-13468
762
381
-16395
635
1651
10541
16764
31695
2921
0
37805
6350
762
9144
222815
21463
15494
9017
10541
14986
25781
7620
6980
-2667
-3937
10073
-1524
1016
56354
-6350
5461
18157
4826
1397
17595
2667
6223
38451
8890
12573
9906
11430
47715
6604
1778
8128
1397
38164
-635
5080
5207
97543
22098
8128
11430
20828
2413
-2667
19345
11049
13208
19012
254
-3937
-3302
2667
1778
-635
26671
4191
11430
17231
6985
508
-1397
3429
35420
13589
18542
42535
1651
2032
11811
333505
46482
40894
52070
23241
4826
44958
35687
43180
46482
1778
18923
23552
-1397
-2159
6223
69351
7620
4191
2667
5588
44096
9271
8509
6477
38682
11938
3810
11303
10541
-7859
11938
4826
12573
777
-381
762
30988
4699
9906
10922
5588
-2540
37977
8382
4445
5334
7366
-20492
-13716
-14605
-2921
-9144
27362
1397
18415
2032
1905
10668
4826
-508
12319
1651
24952
3429
2921
3175
254
381
32856
1016
6604
8717
3302
3556
3810
86866
11176
12700
254
9931
3937
14732
1397
4318
26695
5080
7620
3556
77704
13589
6985
11684
8636
7366
12065
10668
3175
59438
11811
25019
19050
47879
3810
11557
44958
16002
-4065
-2286
-1016
42956
1143
7239
-3175
23005
3810
3556
3302
3429
-6731
53765
21082
7112
3810
13589
57001
14859
40894
2032
2921
381
36471
7874
10922
20701
7620
26659
-3429
-254
-4699
2767
11303
17526
6525
8001
4826
14605
9025
4572
7112
24003
24130
4445
6096
7620
38257
-3683
-10414
-4318
-889
-9652
71291
2413
4445
2032
50041
4699
-1524
9364
5461
6731
22108
17272
15240
1016
8382
16256
64838
-127
-2286
43423
17272
1143
81069
2540
4699
17628
2540
2540
45573
6731
5842
7239
381
31960
-1524
1016
22407
6985
889
17018
21717
105530
-1397
-3175
2667
36536
21209
30988
6517
2159
5715
3937
52615
18542
8128
64092
4318
-1397
2413
-635
1397
61678
7874
7112
14859
3258
-635
-762
-635
37877
7493
15875
22861
11557
25019
6223
15621
4572
24130
16891
11684
46482
45974
10287
10287
59058
4064
5842
46790
9906
9652
16129
45642
11303
7493
7366
11811
24130
8763
6223
4826
7366
10287
11176
13081
8565
11811
14986
14986
-1016
49567
17018
-2413
61245
8255
25019
3302
8636
3810
7366
7366
24003
24130
8763
35687
22987
6223
16891
4826
12065
11684
7366
4445
9906
13970
3175
4826
7620
10287
3556
9652
10922
51204
127
8763
3556
27670
2032
7112
9185
5334
4572
14336
4953
8509
6709
9271
9652
48244
1270
2921
17780
24561
9906
2159
20447
67504
17653
18288
21082
76350
-2413
762
49493
12192
24130
2794
9815
2540
10795
-12471
2159
2286
2286
419
4191
24130
47703
14478
8636
13462
9525
8509
51403
15621
14859
13734
9652
4064
8763
17546
-1397
5969
5207
1143
15508
2286
12192
4445
52696
381
3048
26705
21717
10795
16810
11430
12065
15367
19626
-1016
1143
-1778
-1778
17263
0
3556
381
47894
2540
2667
635
2286
37020
3429
16891
12700
4826
8890
10287
18923
61676
17653
18669
17145
41670
6604
1016
2208
-3175
5588
-1698
15748
13970
19685
8509
30353
44475
16002
12954
8763
11176
-2540
13462
4600
10414
15367
9271
10922
-46
-4318
5461
3175
-2413
0
5969
34967
8001
13208
2921
254
171590
29845
24003
5588
22606
1651
14351
22899
10287
889
48894
4191
-1016
11557
5588
-1016
-3048
1905
7112
381
34658
-6985
9525
21889
5588
3429
8382
85403
-381
-8001
-1397
48102
12700
9144
44812
6731
7112
4826
24130
18288
18288
21943
-2667
2921
18923
23277
26797
18288
12573
17145
16129
-3810
17653
105589
9017
24511
16002
5080
21463
6223
24003
14478
25781
24765
6604
24130
27051
196029
35814
48006
35433
23241
4826
24130
8763
35687
6223
4826
16002
36666
13843
34544
5207
24130
1143
22987
15746
9144
19558
3175
3302
6951
4191
7493
46461
5969
9779
2286
9144
25332
12573
17907
22987
6604
17907
74856
10287
10414
14478
-4719
4572
9906
0
11176
3683
13113
5715
2159
6096
3937
63
6477
3048
14605
26226
10033
7493
102863
11557
11811
1778
29530
3175
23876
8382
4191
10414
88592
13970
21717
16510
7874
21717
53587
40894
3429
3429
28829
33831
7747
254
14470
9779
3810
8255
0
2032
6985
5207
-27242
1778
381
-635
-3429
31940
9779
5969
2286
9144
73894
15367
14351
5588
12065
10922
11430
4699
8128
6223
2921
84789
6223
19685
6477
3302
7112
16002
5080
9017
24003
6477
24130
19685
7747
14478
6604
7620
18923
-3396
19685
15748
11557
10922
14986
23495
30353
5206
3810
-2794
11938
12954
83547
7874
-8382
28673
-254
-1651
40982
6223
3175
1905
-1016
17210
-762
-4191
-5458
-508
6350
-1778
-1270
31591
13843
15621
4270
3937
6350
-3810
11176
5969
10507
4318
12319
10541
11557
12319
5334
21082
70697
2540
7493
8636
7112
24477
-127
889
-1016
6985
35357
8636
11811
69454
-1778
1651
44699
1778
3810
4318
-4937
13335
2032
24969
11557
19685
71483
9652
5842
9398
4826
20447
-1524
59512
-2413
0
33750
14097
24003
6223
11430
76515
-2286
-5080
-4048
1397
1524
25409
5207
4572
-33516
-6731
-5080
27606
14859
11049
18161
2781
3175
-2540
62795
30480
32512
2794
44072
-5969
-3683
-635
21119
9525
9017
18288
4191
3175
21465
7620
7366
11143
6731
5080
16383
3429
7112
-635
-16326
-381
-3556
18902
-4064
254
605
-1397
3048
-381
28320
762
1778
6350
22987
3048
33804
9652
24130
2413
10414
10287
46233
6223
2667
3048
19939
105293
-4699
-3302
-4699
34729
1143
-3175
19169
6731
1778
67450
3429
-2667
-1143
41701
1651
18415
89386
41656
40894
17780
32131
50546
30316
14351
10160
14986
10414
-36595
-2159
4445
-8001
-7620
-5080
762
14218
-3937
-2667
28890
254
1778
2413
1651
152421
-127
-3175
-1524
1397
-2794
80648
-6858
-3429
-9652
23479
2286
3302
2032
36918
11684
5588
-14771
-2921
-13716
9398
7874
-1016
7239
810
12573
1270
4318
0
11597
8509
6223
21120
5969
13208
20591
4064
2540
27432
12573
11824
18542
11811
15113
7747
22392
127
1524
3429
8890
1905
1016
33848
-889
4191
6350
254
5842
49867
-3175
1143
20561
2159
19177
20828
20828
30490
13081
18288
14986
12573
14986
26543
22352
8636
17780
35433
13208
9906
22987
6604
9271
32639
12700
22606
16002
23495
-19671
-3937
9906
241
8636
-762
9779
49555
11684
21844
4039
762
2794
62184
6858
7620
2921
35622
-635
2921
4445
-508
16946
5334
2794
83097
22860
46101
32639
-10910
762
12065
1016
36882
4445
5080
1905
23188
1651
635
15070
9144
254
5842
65982
5715
-1397
64563
508
-762
1651
70192
7493
-381
2032
5080
11303
6096
13081
22860
14478
2921
6604
11303
11430
1270
16256
13081
59604
5207
2286
65929
1143
17272
-4808
8001
17780
13843
0
6604
52795
4445
2540
-635
2032
271321
44958
52070
23241
46482
11811
24130
8763
35687
43180
6223
4826
9906
43434
18923
94407
11811
5334
-2063
2921
8001
254
11684
-127
14940
8128
16129
9271
-17894
3683
-127
24041
-1397
7366
18288
38356
-3429
-6858
-5842
-7874
-9652
29256
9779
6350
-7721
381
508
1778
-1524
37727
7874
1270
-8678
-127
7239
68505
14732
12573
19939
2933
2794
6477
9144
47174
13462
11049
14478
13208
9525
12573
12573
13970
10922
5461
13208
44471
17145
8128
12573
-381
12700
6096
762
12573
6604
18542
635
24130
-23262
-7620
-15494
28368
11811
15621
46342
889
4572
50358
12700
5969
11176
3937
5969
254
5080
29449
19050
12065
43248
7366
127
20385
-381
-254
-4052
-254
3683
20329
15621
14224
161957
381
-5461
-13349
-1270
-4191
30308
1651
11430
-1778
-8763
-889
-4191
-3429
-6858
-6102
4191
3937
8636
8001
-5461
15785
20066
39878
44450
30226
8509
5842
22799
6223
8509
45994
5080
7874
11141
10668
5461
7607
2286
8890
66620
254
-3810
-12809
10922
19685
28575
30353
-10956
15113
12319
15494
14351
20963
9271
3810
39294
14605
8001
-2921
16764
2032
10033
381
508
41508
6858
1270
-127
-2667
52787
7366
11303
8255
6858
24130
6223
10287
60618
14097
11684
7376
12319
4318
11938
127
381
11010
7112
6985
28097
3683
11049
61383
5969
5969
6223
8509
19246
4699
7747
2667
55310
6477
2540
37142
7874
12192
7874
81839
46101
39243
22860
3048
32639
24130
14351
77829
9779
10414
27176
5207
635
20659
1905
5588
1397
6223
2667
-1016
1778
2921
68325
24130
11176
92658
1905
-1651
-762
17211
6350
20955
7874
13589
7874
-14764
-127
15621
27085
-1397
-3048
23285
16383
19050
11684
9144
5810
0
2413
54017
11176
4953
17526
23685
16383
-762
14986
-70958
-20447
-3810
-15240
-5080
-8509
-3429
-14859
-14859
-19558
50546
31496
11120
2159
6604
425
11684
889
-52787
-9652
-5080
-8509
-19558
63736
-1016
127
1016
8489
2286
-15113
59738
-9144
-8255
-2667
-6858
26069
9525
-762
-22079
9906
4572
39518
5334
5969
5969
-3556
90621
14351
10922
14859
4953
23749
34543
1905
2667
13813
10414
11557
13716
-26985
2921
5715
2032
60512
5334
11811
10160
1905
52961
9779
14478
17235
0
14224
-15422
2540
8509
8159
10668
5969
31324
-1778
-2921
-2794
121083
22606
24003
5588
1016
29845
57896
8128
1778
6604
1397
51531
9017
13208
17780
6604
7366
9525
10668
9906
4191
-10774
12827
8382
7493
83174
-1905
508
1651
23792
10668
3937
6985
14260
14986
19685
3757
-1778
0
-1016
19882
-1397
-381
5969
5969
-4191
23383
635
5207
47339
5461
2032
2032
4191
58831
16637
3937
2159
1778
24151
3937
10668
12192
13728
12446
6223
120684
24003
19685
25019
3302
7112
3810
5715
8001
6477
5080
4572
8255
9017
6223
14097
3810
6477
10541
13081
14478
5969
25781
6477
32131
5715
22987
6604
4953
18161
21717
7620
-1905
9525
1905
20955
6985
18842
15113
-2032
2032
28791
6350
889
-32089
-4191
381
-1270
20265
-7493
-8255
-127
10171
3810
7112
24003
24130
4445
6096
7620
70971
1778
889
1905
5080
2286
3556
11811
57074
5715
-1016
62476
13843
2667
17018
21082
22225
-10581
-1778
-1016
-9824
3048
2667
14724
2667
18415
1905
14097
67195
30734
12954
186347
-889
-762
-4826
2159
-381
-3175
-2667
33638
4445
10160
44747
20447
22479
61191
6477
15494
2667
6223
24003
10541
12573
6858
22009
6223
2413
6096
33742
4064
7620
11684
7620
36401
8255
-3048
55862
4699
15367
43902
5461
-8763
10160
9779
2604
-381
3556
90715
-9525
-2540
-3048
-3302
32281
8890
19177
24130
5334
7620
65355
9398
9652
-2921
4699
5080
7747
-1524
40555
3683
-1524
33079
-5461
381
381
-1143
33942
762
24130
21653
762
-762
62644
635
3556
-6858
27231
-5080
3683
-48809
-9144
-13716
-18161
47509
2667
6223
1016
44467
5461
1524
3683
-33609
-3429
-2794
1143
34187
1143
1524
-15407
6096
10541
8636
7493
17145
24130
22987
-4445
17272
5715
9017
13970
57063
2921
3429
11430
12954
44339
5969
30480
14732
13335
1778
13462
10033
37513
14732
6985
-14836
14732
12700
10033
6731
26194
-508
2921
6985
16891
17125
2921
12700
11303
5562
1016
-127
38853
17780
4445
-2921
-3810
14478
41656
32131
-4064
7324
13081
2032
4445
37034
11684
5080
5461
32014
3556
2667
2032
1651
-127
-3582
381
4572
23158
12319
8128
4318
14605
2413
13970
74821
4699
381
9398
27263
889
1651
1651
-3353
-254
-4953
39424
9398
15621
15621
23194
6350
6096
3937
-381
32205
1905
2667
32707
9398
24130
64187
2032
254
0
5207
12700
5969
-1397
13843
15367
17780
3429
22987
5334
34424
-6477
-508
34065
127
-889
26693
-508
-3175
43668
-4445
2794
-2540
28595
4445
8382
22548
6858
7366
6223
11684
7366
1394
3937
4191
127
1724
3556
-2794
14546
1270
2032
38641
15240
18161
97484
-381
-254
-1397
-3175
-127
-5715
129414
1016
1778
-254
70247
-1778
8001
39659
8636
3810
29120
10541
24511
25019
2667
21463
24003
6477
25781
7620
-19785
-508
-6477
20137
11430
12065
20777
-2159
2667
-381
-5927
2921
14224
-3772
2159
9906
27072
5715
16510
3175
7239
-2667
3937
13953
-127
7112
15113
41878
12954
18796
18796
35989
4445
-1270
48210
9525
6731
51039
11811
-1016
11303
4826
8890
73880
6096
5715
6350
3937
-381
45670
5207
6858
-22311
-3048
2413
-1814
381
-3556
16958
13081
5715
4953
49577
4318
3683
6223
55900
-2286
-4191
635
40877
3048
6223
73850
11557
-1778
4191
13169
1524
2921
4826
8763
2830
2032
1270
-5628
762
10668
14605
14224
40233
14732
1651
48176
12954
16002
42105
11557
8001
4445
42561
10160
4445
-10922
0
2667
5069
10541
19177
9525
15240
14859
17562
8382
17272
22098
837
10795
14986
7366
8636
8001
5630
0
0
762
32138
6985
1016
7874
13208
7112
9525
-44557
-889
-9144
29545
4318
3937
7493
7874
10160
9779
0
8920
635
7874
47500
13335
5969
16256
-7103
3683
762
48200
10668
8128
11430
20828
2413
-2667
60332
19939
-2667
19431
20874
4826
8509
-2628
5842
9271
15113
14351
53264
-9271
-10414
-2286
39593
1270
10922
4191
2667
3175
254
4191
47718
18288
4064
14389
18161
14859
-22449
-8128
-6985
2138
7747
1905
-52330
-7620
-9144
-2159
-9398
-14931
508
2032
127
12319
42950
635
7366
78973
12065
10922
24130
22225
6223
5715
7620
10287
3560
12065
17653
62182
-2286
889
56743
4953
11430
27432
12573
1243
4445
16510
-54729
-5080
-2159
508
4064
42152
14097
15875
13843
-1778
8254
14986
10795
15367
56998
5207
5080
14478
889
28929
-2794
-3810
3302
42249
9906
8636
56022
3429
3556
51609
2794
6858
13970
129170
1778
-2032
12174
-1270
14986
14986
-1778
18161
-508
-1277
10287
16002
20705
2032
14605
-10012
-1651
-1651
12648
3683
8636
17780
15621
245011
-762
1905
-1143
1397
70510
13208
3810
11430
5461
18651
8001
10287
12192
-25855
-5080
-16129
-15240
508
-11176
-6731
-20447
-9652
-2540
-14859
-14859
-9651
11049
9906
37887
12573
12065
26493
13335
2413
2032
-3048
14604
-2794
3556
73434
4064
0
-33879
-889
5715
27649
16383
16891
9271
-9932
-1778
6731
98448
11430
14732
-13441
0
1397
-11874
1397
1397
-13181
-2921
4826
14605
-254
2032
10033
381
69882
127
6985
254
15361
1651
9525
5207
0
-5570
-127
3683
19558
35987
2159
18415
8636
18101
2413
2159
-3429
21381
-1524
-1651
149875
16383
22860
27853
2032
5588
47699
4699
9906
57847
9017
1016
57332
2413
6223
2667
3821
2921
8382
8382
110143
11557
381
3683
5969
0
-20198
-127
1905
919
12573
9017
35363
10541
4318
5334
27432
6858
13970
21506
8636
4191
127
-880
127
-254
-5224
7239
11811
13208
13970
12700
12877
15367
14986
13208
13208
12573
18669
12700
17145
12171
6223
8509
16129
136367
2667
-254
-127
41272
12700
3937
28330
7366
1397
7262
5461
10668
47937
15875
7493
12005
7620
40894
22260
5207
0
17277
7493
4318
42577
10922
7874
41908
1016
1143
10922
3937
5588
6985
2032
8255
2921
2032
13843
120330
-254
-3810
-381
2667
-635
-3429
-3175
2159
-8255
63681
14224
20701
2413
6356
508
2032
60000
16764
2032
15494
24130
27432
34571
-1270
9144
4064
109585
254
-254
1651
127
107752
11811
8890
17653
7747
5715
97083
18034
8636
3299
1778
-9271
-6223
3810
15621
26077
13716
8509
24095
635
2540
80397
24130
48006
24511
23622
10668
19685
25019
6477
2667
3302
3048
3683
10922
40894
7112
16002
2032
13208
4572
11684
5715
8001
47879
2921
14732
7493
6477
5461
5080
4572
11557
11303
8255
12192
6731
35814
13843
6223
9652
44958
7366
3810
8890
6096
9398
12065
16764
4826
1016
11176
19685
14224
14478
4699
7366
5969
18669
14986
25781
11303
6477
11430
5842
8636
1524
13208
32131
7366
11811
5080
12192
7366
5715
9144
22987
6604
1778
4953
13970
18161
21717
13970
9271
11303
11430
24130
22987
-1905
27051
1270
2540
10414
14478
1905
1651
20955
6985
23749
10287
6985
118239
19304
2413
254
26775
5334
381
13589
14738
762
-381
33730
8128
15367
1651
69265
22225
12065
18923
37196
17018
1397
11430
30000
13208
19177
11049
17526
13081
13462
7239
15367
22987
15367
18288
7112
13970
254
10922
-7493
7112
5461
15875
-5154
-2667
9144
3937
132618
-2540
-4699
-4699
-9525
16560
6985
7112
52831
-762
4953
889
-34466
-1397
-9144
-5969
18067
-254
3810
4572
-2667
-6858
-381
40732
12573
8890
9906
20917
1651
6350
6985
42443
1397
1143
0
31908
8890
10795
11430
20828
11430
20828
24141
889
6985
9144
21717
-635
90301
-254
-2032
1524
-3810
-886
1270
-127
29292
9652
19812
2159
18321
9398
3048
-8108
-127
-254
635
-29201
-889
4064
508
45462
-2413
4699
9652
4445
4064
3429
-4572
51933
11684
8255
2032
7874
39596
7874
5080
6985
13335
8754
-1905
254
-48994
-7747
-6985
127
4360
6858
2286
12483
14351
762
22987
6604
-23891
-5842
-4064
100568
11303
24003
14351
17734
12319
8382
9017
-56786
-15621
-16637
-8255
-1778
-15113
-7747
-7981
4318
127
3620
8509
9652
67968
19939
8636
10541
7608
3937
2159
5715
6350
6096
7747
-381
5969
8931
10668
762
16891
14224
30519
16510
16764
32741
5334
1397
2159
77958
-1397
-1143
4003
508
4191
16725
9906
13081
-5212
-5334
4064
17145
48407
10922
4699
4699
34304
4826
2921
24130
12421
2540
21844
8636
381
4064
9906
27432
12065
10033
80886
10795
2921
4445
5080
6731
16891
24787
12192
8636
3937
5207
57294
3556
5842
0
30113
7874
-2032
15612
3429
2794
41522
8509
1397
2794
4642
-2540
2794
-254
62406
13081
10922
7493
24003
7112
7620
10247
7493
24892
17770
7874
11684
22538
5588
5588
19050
36818
13208
11049
8382
11684
8763
7493
40477
3937
5461
12700
21296
4572
17018
31978
3810
6350
8382
19509
1524
8890
57889
10668
4191
48779
13462
10414
58958
6350
508
3810
5969
5969
42242
11303
22987
8509
-24630
3048
39243
6477
46101
32639
19685
2921
25297
6858
14605
4588
3429
9525
37550
4445
-1397
35216
4318
8890
53898
5969
8636
46096
3175
16764
25806
10414
11049
-13844
6477
7493
76233
26162
18415
18895
10287
8001
12192
12402
254
1778
-1905
889
1651
67645
-2667
3048
3048
11021
3810
4826
26737
-635
3683
22233
4826
5842
32194
1778
30480
5969
50587
10033
-508
64799
2667
11049
39441
12192
1016
12334
7493
19812
45742
8763
16002
9906
2139
-4318
5588
60626
13208
11811
2286
6604
2032
3429
6096
10375
5842
254
9144
1905
6268
11303
-2540
25182
7112
1651
40647
5588
-3175
1143
10160
9779
53971
18161
15240
17145
15240
13081
15367
113086
2794
3937
4953
27724
-1270
5588
104994
21844
11684
62474
21209
39878
30226
1205
3429
5080
5503
3683
2032
14097
127
2921
21041
9779
-762
8636
27657
2032
-3048
1143
2032
3937
5461
1016
24913
5080
10414
13462
15168
18415
-7239
16256
36441
23495
13970
6985
19685
8509
30353
11914
2540
-889
24877
2540
-889
1778
3683
-1651
-12946
5461
-2413
13081
-6228
5461
-9271
13641
2286
1778
46638
9271
8255
-783
9906
635
48441
19812
-7493
-1778
118853
-1397
381
-635
-381
-3429
-2667
24488
16510
12700
18942
-2413
3175
-4318
0
7366
18948
1397
-2667
18362
4826
2667
-13202
7112
14224
13589
249
508
889
-21480
2159
-5080
5334
-5461
-5080
-1016
5969
63416
-3048
-9525
112924
4445
2413
2032
15638
10160
-762
14351
7747
9398
-14953
8001
4191
20580
3429
22352
381
40894
5334
5207
21590
20225
21590
10922
14350
5461
5080
-10890
-889
2286
-3429
2667
272
12192
8001
10414
17780
64512
13208
4826
6985
36425
13970
16510
5842
38917
254
7747
35396
889
2921
14426
11049
9271
115469
8763
48006
40894
47879
3810
22479
11303
8255
35814
44958
43180
14224
12700
46482
45974
43434
2794
18923
34752
-4953
-1397
635
-2667
-254
-12878
-1397
6985
3429
14957
10668
17780
15621
35433
9017
9906
25059
3810
15494
3429
11430
12954
608
-4826
-7874
76905
10922
10922
880
508
-8001
-5080
-889
-3527
9017
12573
16129
20447
16002
32770
8890
14605
-4661
254
8001
2921
30734
11684
48294
5842
4699
26214
11811
18542
27412
2286
13208
16764
2032
13208
3429
6096
5334
-1524
19976
12192
15875
8703
1016
22352
14224
24130
-508
13716
6659
17145
13716
-2032
26797
-4445
14097
6858
12573
-21698
1016
17272
8382
1778
22587
3937
16510
4826
1778
16637
5715
127
-254
7874
16764
23876
2159
43498
6096
-1016
6223
9144
36416
13208
15367
22987
7112
13970
254
10922
-7493
7112
5461
16002
131004
762
4826
43189
-1143
3429
-2286
-2286
57882
11176
24130
6223
31167
9525
6604
14478
13462
11938
5842
13970
17285
4826
17018
28226
5080
5461
17364
7493
2667
32474
5334
5080
118785
7493
-889
2540
8636
7112
7901
254
2540
8821
6985
127
7554
2286
7112
8636
-33572
-8509
-3810
-20447
-9652
50546
31496
17971
13335
3302
-2870
9525
19177
10541
3175
72334
12065
4191
258031
35687
48006
40894
52070
47879
23241
12065
46482
8255
35814
44958
43180
6223
28194
46482
45974
43434
18923
-1701
1778
8382
79863
19685
19685
6223
24130
6604
16610
6858
9271
5560
762
17145
22987
9017
74181
-3810
-5842
-1270
4826
46690
-127
-3048
37616
10287
17145
62159
-5334
1143
1778
1651
17471
13462
11176
50472
4318
6731
3416
3429
3556
3810
4318
54993
7747
-127
6223
5969
7620
6604
7620
16256
13081
8108
11303
17018
36910
11557
4318
5334
53016
7874
9271
-3175
12700
6858
9398
1397
5080
14478
13970
-2921
4318
2413
5715
8382
10160
9779
5588
13335
-381
4953
4191
9398
7366
10929
8763
7493
3556
38750
1778
14986
14986
762
15506
6858
-8128
11430
12588
6858
11430
19558
44955
22987
8128
19177
-381
12573
20828
12700
8255
12573
762
13081
6096
13208
14351
11303
13208
762
12573
15367
19050
6604
17272
18669
2286
18542
13970
20828
635
24130
5080
5931
-889
6477
11430
-11537
-8128
6858
11430
84284
3810
-2413
56550
889
1778
-127
97201
14224
14097
24130
18542
31829
3937
11049
11777
9652
13970
30752
6604
12192
27432
6858
57799
22860
7493
16383
13122
381
-635
14900
2794
6096
29252
5842
6731
2019
7112
19558
35287
16764
2286
6223
2032
14470
4699
7493
25619
11938
1778
3473
7747
10668
99314
14478
7112
16002
9017
6223
7493
24003
5207
24130
14986
5461
10668
7620
25525
2286
2159
55419
17907
254
-4890
2921
10795
11430
4826
3810
7493
11430
41249
8001
-1778
381
47968
6604
4191
31635
12573
16383
3683
12700
-9034
10287
14224
16891
14986
16359
254
6604
-7332
762
-762
10233
5842
-254
-4712
3683
6604
8636
13970
3937
10922
5334
8255
24794
1016
-1778
43888
635
11811
27369
4699
24130
26025
16129
8128
41910
8001
5461
5588
36490
-381
4191
33862
15113
18542
7747
29482
7366
8128
24130
7366
-13264
-2032
1651
-5207
65010
11938
8636
9779
9525
10922
3175
-5360
12573
17526
12573
11811
13462
17145
6477
15367
22987
7112
13970
12700
9144
170406
2413
1524
-5715
22132
9144
-381
6350
12700
-1270
3048
34304
2159
-1397
-254
71187
10922
15367
11938
14732
-6725
1905
-3937
0
50435
16764
4826
14605
8255
2032
48629
12065
3683
66367
18415
26162
13221
-3683
-5969
-635
-29985
-2032
-1143
-1143
127
8128
-1270
6459
-8763
-10414
1651
5461
16891
53841
2667
4699
4826
-381
47122
2794
3683
19126
13589
5842
26375
4064
18288
-23698
-508
0
1397
61846
7493
2032
3683
4953
10414
2794
8128
-1651
53764
5461
4191
-1778
25054
3175
-2667
-13960
-5969
-9271
165660
3556
762
381
127
3683
-2540
-9226
1143
10795
-3781
-127
1016
45808
10922
10795
47477
3429
2032
9810
4572
-1143
33496
2032
5588
63426
381
-5461
6731
3426
2032
5588
-1651
15182
2159
2794
2921
15960
5207
6731
-36080
-6223
1778
-3429
7620
8890
64302
20828
22098
10668
2413
33143
7747
5715
14857
6858
0
5588
1409
5080
8001
635
2159
47764
2921
-2667
-30491
-5461
-5080
127
1397
2159
-5080
-1016
-23580
-3429
2286
-889
-6223
-508
2667
31759
11430
4191
-2667
23274
14986
-762
9398
14351
16383
262732
43180
48006
40894
52070
47879
23241
46482
44958
8763
35687
6223
46482
45974
9906
43434
18923
105262
1397
-3175
-127
2413
30287
381
5080
6223
7747
5969
-10595
635
5080
2159
14920
-635
-3048
5046
7112
5080
6064
-762
762
6477
14965
-1524
-6477
67729
-2286
-127
60649
16764
8636
4191
-753
9017
13970
11684
6985
6985
4064
30353
10033
-19841
12700
11176
-6171
7874
-127
6350
41855
1905
1778
-127
-2159
-127
2286
3556
-18291
-1016
6223
399
4826
-762
20083
5969
10541
10668
24003
24130
7747
14986
5715
11176
70200
11811
25400
3810
5588
10668
11811
148635
-635
-254
-8255
-127
41655
9144
3683
44949
-2540
-5461
-6858
24833
2286
-127
8255
-7458
2667
9398
6477
71399
15367
19177
4191
5207
6223
32131
1143
4826
48098
7620
10414
53520
-5842
-3429
-3810
0
0
14980
7366
19812
2159
32182
5461
-1016
-13273
8509
12573
6985
14224
8636
4953
14478
46618
16891
-8763
3937
3244
-127
6604
6858
87401
254
2032
5518
3048
20828
20828
28069
-2794
4699
14382
-3175
10795
20605
2794
10414
81882
-1270
-3810
62904
-4191
2413
37169
13335
2413
2032
3810
-3048
4145
8890
889
5207
-2930
9271
19558
50897
15875
14097
17195
12065
-1270
-8001
32900
5461
2667
4318
-4083
4318
3429
38336
4064
5588
40891
15367
10414
33372
16256
14732
8255
31683
6350
4699
31079
3937
3683
4318
8001
48645
17653
13208
11811
5207
11811
7747
5715
4191
20500
15367
8128
19177
8001
13208
22987
12319
18542
13970
3175
39019
2794
14986
14986
2159
2921
111185
19939
14732
2286
8509
83934
-2032
1778
-254
-4191
-889
2540
-3579
2794
4572
12192
-8516
-889
9906
6350
38378
5969
5334
-1397
6350
1143
49459
19558
16637
1397
22352
3429
5969
39085
-4191
-2286
-254
46799
15240
8636
10541
3175
58065
2413
7874
3175
101686
-4953
381
-1143
254
-3429
635
22304
6223
12954
-24589
2159
5080
635
2713
889
6858
34257
4572
3556
-680
5334
18669
52023
3175
2413
4064
85292
2159
-3302
508
2921
-3175
11556
4445
-2794
-25089
1016
-10287
-4520
-635
-254
1524
10795
89611
889
889
7239
57403
3429
-3556
-127
30019
11557
1397
12446
7874
12319
-9618
-1270
-1270
67070
3810
1397
33796
2540
6350
24530
-3048
-1905
66126
14224
0
15494
2921
30545
-2159
1778
-5832
5969
508
16600
-2159
-1397
-9489
5588
127
5588
19050
66323
2159
22479
73665
5461
5080
-3439
3048
-8382
871
5207
12065
50465
10795
11176
-89
889
10287
6350
59560
12319
14859
4318
14605
5334
77781
-2413
1397
49857
18034
10795
34736
4191
10668
6604
47960
19558
19685
30099
26825
5588
11684
53665
-6223
762
-1524
-889
5080
-1651
94805
-3175
-3556
1270
-1524
-1651
31067
9906
8890
12573
11430
21645
12065
9779
11430
5207
9271
15748
4699
-1270
64211
5080
19050
10414
-635
41219
4445
10795
11430
13843
24864
10414
9779
1524
71559
889
-5461
31101
9525
-6985
61955
5715
10414
7874
104286
19939
6477
6223
3683
2286
-48444
-5080
-4064
36326
-1524
1651
24765
19050
11684
16383
5588
22987
5588
16383
240639
-1143
-254
381
-1143
-6477
-762
-4953
2667
-635
635
3556
-4191
1905
-2540
-127
2861
-254
0
-2921
15621
77729
24765
17399
46415
17780
9398
5207
1143
41020
8382
7874
19445
10160
-635
11835
2540
-254
-381
4572
-1270
-3542
-3810
-1905
3937
-2794
3810
-1649
-3302
8382
38184
14605
5588
20701
11430
44297
5588
4699
4699
-39175
2032
-8636
-5080
27046
18669
24130
-822
4064
4191
-1270
11684
8763
-5334
50885
2032
2667
2921
3175
4445
7493
5969
254
-5535
-1524
-4572
14013
21717
19685
56262
17018
8636
9831
1778
8255
2667
5461
-3020
5715
2921
-889
46511
9652
18415
6731
-36941
-4445
-127
10541
6096
17145
82127
2032
17907
77194
-381
-4826
-889
762
41929
9525
1651
3429
65266
-3810
254
-1143
127
69518
30988
635
16748
5715
0
18813
13716
12192
82400
-1778
-1778
11572
-2159
5207
53117
18288
12573
13208
5207
8636
11811
6731
9525
13208
17653
4191
17578
4572
10922
-254
51527
-7874
-3429
-9652
34523
-1524
5334
60137
8890
8890
26877
-1524
2413
2286
-635
1397
25316
7366
10795
12276
1524
18796
18796
-22036
-6096
-15494
-9525
29164
9906
-1524
78491
-4318
-3683
-8255
34915
17018
13335
13843
4572
11303
15621
45115
3683
1397
8890
4318
9144
1016
16891
-9536
3302
9144
1651
30740
4064
-5334
10922
17018
10160
58562
-8255
-9144
-7493
-2667
-127
8381
6477
-635
-762
26981
5842
5080
15501
11938
39243
20447
85193
19050
2794
30165
6858
889
-13259
127
16510
1778
3937
3666
6604
-7239
17907
11811
12573
13081
17145
14351
13208
22987
7112
12065
13208
3048
5969
12700
-11684
17102
-635
381
17864
9017
7493
-4572
762
3937
12065
635
55053
16510
10160
8255
16637
48759
9271
6731
11938
1905
10795
13081
5842
12065
8509
11557
12065
63868
4953
1651
82319
30734
254
4500
17399
2159
24765
24638
12208
1397
17018
35223
16891
16383
5579
2794
8255
8509
2794
8763
17018
10160
13462
15337
7239
-381
29495
17653
8001
9398
9652
28073
254
-4953
635
-2540
-1524
73030
17780
1270
16891
28722
889
-2286
62412
-4191
1524
62206
32639
39243
13081
22860
46101
3048
6350
6858
22606
17780
14351
59996
11684
10795
-26200
8509
8382
3048
11684
6985
6985
23495
28702
15748
20066
6223
2540
23495
5080
14224
12954
30353
16764
10033
12827
11176
3429
-1327
6477
-889
7160
254
17907
45097
8509
6731
24452
19304
12954
72909
24130
46101
22606
2985
6604
28702
30353
12700
16244
2667
2413
-254
254
-1143
-7493
-3937
25369
-1778
-381
-3175
28481
7239
1143
77951
-1778
1270
8001
44552
-1143
-2921
-5461
-3810
2032
-1778
2540
12564
12065
-254
9779
5187
3302
5842
60608
11176
18923
-1778
6770
3429
-762
46901
4191
4699
7112
101665
1651
-889
22535
10795
1143
71167
13462
10414
8001
5969
5080
6096
14085
-3556
12700
10922
-5412
8636
3810
3302
91057
12319
2667
5334
12700
15367
20066
22987
18161
21717
11303
70402
2413
6985
32597
8382
13208
41349
4445
5588
5080
4826
12320
13843
2159
38111
6223
16764
2032
35479
-3937
-5207
3714
127
508
3683
24991
1143
5080
94890
7239
508
1651
34710
10160
4318
17399
2667
21050
9525
3429
41569
-762
254
24625
5461
-6350
95981
14097
18415
2667
5969
16891
14144
12192
3937
8001
10287
13716
10414
19812
8809
-127
-4064
37528
127
762
66104
4191
-3175
15166
127
1397
23560
11430
6858
-8128
70789
7620
6858
5969
46920
23241
8001
25400
10668
10287
-6151
1270
11430
14075
5715
18796
6731
29359
6223
24511
3683
15621
2667
40894
13208
5715
47879
23241
5080
11303
8255
35814
14097
44958
7366
6858
12065
11176
35687
43180
15367
11684
7366
7366
5715
46482
45974
8890
14478
-11711
16129
9779
13716
6604
26797
6223
9017
7239
12954
49876
1397
2032
32424
4445
254
21133
11557
4953
38368
9271
13589
10414
16383
17145
45490
7112
7874
2032
14859
-1651
37769
10414
14351
5704
2794
9271
33479
-1397
5715
15883
7747
12192
50546
79061
1651
-1524
-7904
7366
21717
26552
8509
9271
17272
11176
5207
26016
3683
5715
49268
14986
10541
5969
44091
-2159
1905
52744
9017
7747
7747
49147
12573
9652
4826
25284
0
4064
13843
35052
-4953
-2413
-1194
22352
16637
19558
67855
17272
10414
6096
22987
8509
17653
5080
5207
19940
12192
7493
42767
9398
8636
5588
5080
5461
3302
-254
3556
48594
8509
-1905
65257
8255
18669
59441
11303
3683
2667
-2540
25750
8255
8128
16510
9779
11684
16764
0
6985
2413
-254
-400
1143
5588
27340
3937
-2667
9017
4699
37909
4572
3937
3511
11176
13462
9928
6477
6985
47743
-3175
1143
-25429
1397
7366
18786
-2540
6985
3175
6223
37617
3429
2794
-6302
2032
2413
2921
13081
13335
13335
-3683
-254
-3048
16383
3463
3175
-762
97624
-762
508
-635
11914
4699
-2286
8349
3810
-2540
15793
11557
9271
15113
14351
77715
24511
381
14605
9428
-889
3683
5970
7112
13208
13208
12573
6604
5969
12700
11049
94834
1524
127
3429
1905
-3525
9906
8128
1651
-1524
-889
45761
3683
3810
4191
-1016
-1778
508
-1651
3556
19939
-9271
2921
3302
52910
-2794
-1778
59324
14859
-1524
74246
20066
12319
16764
26693
-127
17907
-1524
185
5461
5715
2032
5588
35198
10414
7493
63069
2286
3175
4318
254
7458
3937
3683
11684
35054
-1651
762
43584
9906
5715
33090
2921
1778
14249
7747
8001
31194
2032
3810
-1143
-381
127
19712
3048
381
-3343
1270
14732
10795
30598
-3556
1016
122887
-1651
-254
-1651
72555
2032
2413
2032
38287
-762
10287
7493
104272
1651
762
-2874
2159
9652
7366
1427
7747
1397
635
15735
7747
9398
10160
-19791
6604
5588
67179
17145
14605
8255
21525
5207
-2159
66236
15875
3937
-1756
-254
4826
-127
3937
32131
23516
14986
24511
5461
5080
21463
24130
14478
25781
13970
26429
10160
6223
-3048
16383
249327
25781
24511
15494
21463
9017
24003
10541
24130
14986
24765
7620
41357
13335
12065
104802
11811
12700
9398
9398
-710
4318
5969
17259
1397
-762
0
54295
6731
6858
3302
4191
6672
-2667
-127
16975
2286
19939
42856
2286
-1524
1397
11350
-508
14224
1016
13716
40950
10414
13462
7620
2794
1778
56581
2032
4191
9867
3810
7747
-3810
18859
889
508
6694
5588
2032
-1651
-8128
1397
1397
-7300
16891
10668
11619
8255
-13970
20645
12192
7874
7747
7874
7874
41455
-2413
4064
112032
0
762
4224
1778
4953
32107
18288
22987
-6918
8763
9652
25259
11303
24130
18288
-14035
5080
8509
17780
18056
1397
254
21209
9906
8763
10541
14986
4992
2667
0
20289
6350
-889
32639
8636
48144
6477
7112
24003
24130
53909
-1016
-127
-2921
5715
53342
15494
3810
14224
-9422
1905
4318
-2880
12573
10922
13462
97871
1778
1016
-5334
1651
13873
254
4699
24003
19304
38858
5969
5334
-1397
6350
25265
7874
4064
12667
0
9779
8255
254
1778
47258
11684
19812
381
7493
7366
13208
4064
8763
12065
7493
52009
11430
24130
7366
48578
-2921
5334
5461
70947
3302
5588
5080
14478
9398
7239
13335
81476
-3429
381
1270
-254
-1397
-4953
635
4953
-2667
6604
-127
17658
6477
8636
20295
1397
127
10876
3302
21717
28000
-3048
-127
128935
-4953
2794
20546
17907
13208
12573
11938
-24214
-4953
-9271
2385
7112
5715
9241
7493
14859
-762
15451
4572
2540
47830
6731
-1778
11347
2032
4191
58728
7112
9271
16510
4191
1397
8763
1778
-3600
1651
3175
3302
15726
-1651
-254
-13970
39203
9906
8128
17145
83233
2413
8636
47889
1651
29845
9004
11938
12319
51230
10541
635
3126
-2540
381
-5080
49441
16764
-254
8636
8382
20066
7747
91359
-2540
-3429
27570
15748
12065
48208
18796
12954
1524
12573
6985
8763
12207
-381
7239
72362
-3175
-3175
-8001
21688
-3175
-889
10160
9779
25112
2286
-3048
55502
16891
5334
11557
8255
3429
9144
4445
4826
10287
18923
25943
2286
2159
32536
13462
8382
8509
44403
2794
5588
5762
8128
4064
1995
4699
12065
59329
19812
12700
50287
-254
-3429
-1143
53533
18542
12700
13208
42578
17145
9906
39338
2032
5461
5715
-31132
0
14224
4572
4554
2540
16256
25686
13970
11049
13462
7239
13208
13208
12573
-24594
-2286
635
43215
6223
15367
4318
381
23503
8763
19812
13208
4064
11684
7493
-17528
-508
2286
-3429
2667
68204
5842
24130
7620
9652
38604
8636
10922
8001
24130
2286
64552
6477
-1270
9485
17653
12065
20049
6350
16002
7366
12065
78753
-1651
1651
2015
889
5207
8890
5207
24589
-5334
-1905
4064
3048
8767
1397
4826
38141
9144
2286
889
54884
4572
2540
-44379
-8763
-1397
12122
1270
-1778
2667
59655
2413
4826
9652
6096
10414
42441
17399
6731
6156
16510
22352
20447
26297
-3302
6223
9144
-381
254
17619
-6731
3556
3810
39222
2921
5588
2667
-508
51001
1270
-3683
-12102
6223
-1397
13589
-36688
-6985
-8636
-5080
68062
8382
3810
-3134
1524
24130
124750
-1524
-4572
-2413
-3937
-17273
5842
-127
3937
91287
19431
19939
7366
5802
1524
10414
50663
17018
635
12183
5080
-635
28828
11303
3048
22200
254
13208
13208
7112
-31423
-3810
26797
32539
5080
1397
83353
7747
5207
30594
5969
3810
3556
17612
5842
20066
62857
9017
4191
8255
2794
13843
88553
9652
6858
1270
-1524
31681
-2413
-2921
3810
-762
-4224
-8255
-15621
33405
4191
-2794
27186
4191
23876
3175
34626
17272
8382
25908
12700
36777
-635
-3937
-889
53571
3429
127
1524
1905
17166
13589
13970
33154
4699
9906
10922
5588
-2540
13442
7874
635
-6400
4826
1651
58458
4826
48006
40894
47879
3810
11303
8255
35814
44958
12700
46482
45974
43434
107961
9398
1270
35236
1143
5969
60421
1651
508
-1143
6012
14224
8509
30353
34559
5715
3683
-13035
1397
7747
22097
2667
2413
51340
14605
40894
2032
2921
22606
381
12319
2032
8890
12319
24511
17145
24892
25400
15621
27432
2413
31364
13335
17145
37491
11303
11938
12954
15724
-381
-3048
59270
14605
11176
8890
17749
5715
5461
5588
77459
-635
-1143
-4191
74126
13208
16002
17272
5461
24130
23749
121562
14224
-2032
12065
22479
8763
12154
2032
13208
2286
16764
6223
24130
3429
41565
11430
13208
4445
25886
2032
8509
5334
9271
5461
24765
6350
1651
101814
1016
-1016
11150
19685
3048
21717
-5237
8382
12319
64156
7239
3937
-16129
4572
5080
-2921
3302
3937
-18161
5461
5334
-1524
15989
6985
508
59886
635
2032
37642
9271
6858
-2907
5715
1016
44268
5842
11557
27395
12065
12573
14224
10414
8636
13589
8255
19050
9017
11684
6350
7747
18288
10668
14986
79345
8636
2413
18587
7620
19558
69187
13081
5969
23285
16383
19050
9144
-476
7493
6477
35568
-889
-1270
-6223
254
24814
0
6223
52804
12700
10414
8763
4826
9906
2644
12065
11811
6604
9271
40421
5461
9271
2032
11811
15843
508
6985
2413
43512
12192
6604
10033
-7480
-1270
-2794
-1270
127
381
-1270
58220
5080
9398
10795
1651
84895
7620
4064
7747
43849
4318
-3048
3175
2286
254
23242
5207
3302
7945
-1651
7620
762
3556
67138
7747
5080
3937
381
27069
10160
3175
63084
7747
6985
8890
11684
8636
7366
11811
17653
16764
12065
10668
3175
5715
73946
10668
-3175
1270
1397
-13307
4445
4318
13081
3810
22879
3683
-889
1778
2540
7493
5969
69111
10795
10922
7366
96921
635
381
-4953
-1143
254
-3429
10093
3683
-254
4197
18669
17653
15367
22987
5334
17145
19812
65043
1397
2286
32352
11684
11557
8255
16383
4064
6858
6223
3429
9144
8059
13462
1397
12573
67656
17780
18796
30480
8636
14732
5588
8636
12192
8255
2921
9105
4064
8128
109958
32131
2667
24003
24130
15367
13970
7620
-1905
6985
71703
-3556
3429
-7498
2794
30480
2794
22071
8763
6477
2794
5207
52787
7366
11303
8255
6858
24130
6223
10287
28576
-3048
5461
21132
1651
1016
21641
14859
5461
10541
3175
14732
61928
4191
4699
40430
14605
6858
13970
59277
5461
13208
25812
2794
-2794
35840
2286
2540
32172
3937
12700
16891
73186
11811
24130
11811
75484
10160
5842
5461
4318
5588
7874
-3175
60840
10160
5334
31637
5461
5080
14478
9207
10287
127
99239
7747
5588
9398
22878
635
17018
3048
35228
1397
3810
3683
7411
4953
4826
-2159
2667
2540
32441
5715
5969
17653
62084
5080
9144
10922
4826
7112
4826
24130
1778
57490
-2159
6731
4191
20697
14097
13462
35113
12192
4826
24130
9906
10287
18923
33842
7874
5588
53244
6985
3302
889
-127
-508
1651
2413
8255
2794
35208
10922
1524
56366
5588
2032
40384
4064
2413
3683
30195
-3175
3683
31929
5588
10795
11430
20828
25400
3810
11811
14605
5461
20828
2032
4098
-4064
-127
39275
381
3175
8001
18349
1905
254
5842
53288
18542
13589
-26449
-5080
14732
127
1397
2159
-5461
-1016
5969
-4267
-2667
11430
17617
14224
6096
7112
13589
25287
4191
-381
12570
6223
10160
29204
14478
11557
65128
9144
5969
-3302
254
-5068
4064
-5080
19960
-1524
11684
22479
2794
47445
8255
6985
6731
16891
-18763
1143
-3429
17577
2794
13970
174534
24765
24511
15494
18923
5080
9017
25781
2032
10287
-16039
1016
3683
65829
31623
40894
22606
29750
127
6985
10287
33331
10287
5842
-15014
381
-889
28832
-2794
3048
-4687
3937
1397
41012
5334
4953
6985
15277
8509
23749
17523
2540
889
2667
2540
4445
6604
26697
5842
10414
9525
15520
14986
10414
14478
60451
1778
6985
8001
6731
36177
22606
40894
31623
29256
17018
6985
39317
13716
6985
14224
10414
8636
1016
-508
28244
1016
11176
12192
65450
5588
7620
31753
6096
8001
13462
24451
4064
-2413
-26206
-2667
13843
53755
-889
-3175
-3683
65738
-2667
-9144
-4699
65048
17145
10287
13335
20627
9906
14986
7747
28153
10795
381
18161
19685
22225
62316
4191
-635
61027
24130
4191
762
2032
3429
-1524
7096
-254
4699
5842
9398
635
39868
9144
4699
5334
20709
762
4699
-1143
-1143
3810
8128
2286
30323
1778
4699
8001
82984
4826
4699
5588
-3810
1016
1397
1524
2667
4445
10795
-2540
6223
-19397
1651
4826
13222
0
2921
75704
4318
3683
5461
3937
25966
3429
22352
381
40894
5334
5207
21590
43209
5334
22606
3429
3429
30588
5207
22352
1651
3429
3429
23205
5334
4318
10541
11557
12319
21082
33966
22225
16002
5334
51612
6223
5969
12446
-275
2667
4318
10160
28613
7239
762
10224
-635
1778
5080
-9377
-3429
508
1778
-20447
-5207
-635
0
34137
17653
26797
35663
10922
10922
13462
13208
21590
13208
3683
12700
-47863
-1016
2159
-5461
-5080
42513
6223
18161
59775
18161
10795
6223
8509
81152
9779
5842
5461
4318
5588
7874
-3175
33696
8890
4318
-2081
-889
7112
12827
-25535
-4445
3810
-3683
29451
3810
-9398
4318
381
1778
1778
13335
8636
4445
762
-4445
4318
-3048
3302
-24257
-3683
-9398
2032
-4445
47077
14986
30480
9906
20574
27247
20574
32512
14986
10287
15621
47639
-9652
-3683
-6858
-3429
-7874
16500
2540
6477
34966
8255
4191
1016
2286
9017
1397
-9271
56705
1397
11557
7112
8255
31616
-9271
3683
8255
940
2667
7747
4699
3048
1778
5461
6985
4191
-4828
5461
8255
1778
2667
36584
17145
13589
-5334
9271
10922
31715
10922
13589
10414
4064
-3556
17145
5207
33409
15621
15621
3556
15494
9398
0
-15305
2032
4826
9779
14605
-2921
11684
16764
6985
8917
6985
9779
8255
2032
-7854
7874
9906
23031
9906
17780
9017
10668
7874
53726
17018
4064
2794
10160
67609
10160
6477
4064
2794
17018
13462
7493
63540
13208
11811
2286
6604
3429
6096
3890
3429
8636
11684
5207
13208
2286
2032
11684
24130
13208
1143
5334
-1524
46161
6096
8636
13208
2286
13208
5334
32575
8255
17780
9271
16256
17780
4064
27844
2921
17780
17780
-14075
-1905
-5334
-6350
198895
-3175
762
-1397
-381
-254
-127
-5715
94104
2159
2286
-254
3048
2286
-127
-635
47201
-8255
-3810
-254
-635
-4318
-127
2794
16978
2413
381
22098
12319
10668
20828
9144
-2667
23766
9144
4953
2413
5316
-2667
22098
10668
2413
12573
20603
5207
9779
8763
10922
2413
-4699
10033
29842
2413
8255
5207
-27457
-4699
5207
31977
10033
6477
6477
4826
14605
-2921
5207
34326
1270
2159
73213
20701
20320
7874
14605
78804
254
2413
0
-10778
8382
17272
1016
1778
-1482
1778
381
19304
1016
8382
9779
7239
243
127
3937
8636
-5461
-17756
-5461
4191
127
71641
10795
11684
4826
24877
8890
-889
-24094
2921
6731
12573
4191
-2413
-10705
4191
2921
7614
14097
17145
24914
15240
18796
19304
15621
25705
15621
1778
15240
12473
5207
8890
889
40971
2159
10668
5588
60415
13081
15113
32804
15113
-127
13081
54934
13335
3048
10055
3048
13335
17907
61615
7366
4572
3810
-1397
635
24130
7366
6223
11430
1270
5715
39524
1270
7366
23119
5715
4191
2667
24003
6096
12065
24130
6223
9906
2032
7366
10287
18923
1888
3048
9525
762
9144
6604
-5334
635
27432
16754
0
3810
-4318
4318
-2413
1905
5715
8255
3807
635
4191
-127
30988
9017
-254
33528
8001
5647
9779
381
1778
50074
12065
762
33468
10668
10795
11430
16002
20828
25400
5080
14478
11811
23241
20828
16002
29145
10287
10795
6731
11430
20828
25400
23241
20828
54493
-1270
-254
-381
4445
2540
0
0
15621
40830
3683
-889
-3175
4233
4572
1143
29082
8255
17145
31374
889
8509
1778
254
1651
28450
3302
2159
-2794
82822
24892
22606
14605
44165
28575
39878
44450
30226
10922
16764
178511
28194
48006
47879
35687
16002
254816
46482
48006
52070
23241
46482
11557
8763
35687
43180
6223
4826
1778
16002
131871
21844
48006
3810
16002
43434
232074
45974
48006
23241
11557
8763
35687
43180
6223
4826
1778
16002
21082
4445
2286
20270
-7493
2667
13208
19812
13208
2667
-1778
-3031
7112
6223
11684
13208
13208
254
15682
5461
-1778
18161
13462
13208
13208
12700
2794
51027
8890
127
1905
27100
1905
127
1524
3429
8890
1016
35976
1016
127
1905
5080
-4803
5969
20320
6604
7112
11049
-1990
12700
3429
13081
7239
15367
12573
6604
7112
10922
5461
4572
-25194
-11684
-15494
6604
44553
2286
12573
22987
19939
8509
48274
12827
-889
84922
13462
2794
10160
9874
2667
4826
8573
4064
13970
11684
9017
52629
21082
14859
12827
14605
17653
4318
13843
5334
9271
46676
9144
16383
24130
12573
16891
16383
11684
17653
4445
3556
7620
25986
12573
18796
18796
9123
-127
1270
-449
7493
8382
12827
89733
25400
22606
14605
64008
5588
6604
5080
7874
254
21220
254
5588
28853
381
8128
4826
14605
-2921
8890
-15185
1143
5969
-1397
13843
15367
17780
3429
22987
5334
94929
22987
5334
24003
5207
24130
12319
1143
18161
21717
-8931
1524
2667
-15113
-13970
25775
8255
16510
75645
5969
5588
2032
14097
7620
3683
4953
10414
2794
8128
-1651
44973
4953
7493
5969
65550
10414
7493
5969
42107
2794
7493
6985
5969
6731
60140
8128
7493
5969
35431
-1651
-889
-1524
2540
7493
5969
114069
-2286
-1143
-4699
-17774
381
762
22607
10033
30480
5969
27432
6858
-2863
5207
4699
-4232
4699
5207
28392
10795
-381
2540
21717
-3175
-635
18034
381
17907
-381
2955
381
10795
56913
17907
2032
3048
10795
1270
7463
-381
10795
38804
7874
7874
3937
12192
7874
27143
4318
2413
1778
3810
27038
-3048
3810
5461
5969
23461
0
2667
11783
7620
20701
5461
-6223
-5002
508
4826
14605
26660
4826
762
15816
9398
9398
10160
14097
33760
14097
9398
44868
16764
635
39435
5080
1778
-127
38465
-127
889
1905
5080
2286
3556
11811
21108
1778
14986
14986
11938
10414
57857
6604
3302
7112
9017
6223
7493
24003
24130
19685
7747
7620
10287
18923
32349
-889
-3937
-635
5997
12319
2286
14605
508
2667
12783
20447
9906
9017
11938
16510
16002
-8247
-254
6477
8255
17302
5080
11684
5461
57322
5461
3810
11684
5080
9906
16002
91902
3683
2032
-5080
3103
9017
0
6096
64129
13843
8128
45759
-1397
-10160
-4953
-254
59003
6731
3810
381
-2159
17420
4064
14986
12573
14986
18161
17653
0
59946
17653
12573
4826
18288
17272
9144
4064
0
0
4064
52800
1778
52070
46482
11557
24130
46482
45974
21783
8509
127
62513
127
762
-2159
8509
6604
-1651
7133
-3937
2667
40577
9906
8636
2540
27432
12065
10033
69241
6985
1778
6731
16891
65532
5080
4445
25913
1905
-3048
4191
4445
-762
1524
27632
11176
6350
3937
5969
-4064
4953
-2794
-3429
40177
3048
11303
4421
-635
1524
-762
-635
-4132
-508
10033
19721
3048
-1397
40678
-381
-1397
23457
13589
13970
6223
-31722
5334
5969
8890
5207
2286
3683
22225
3429
6096
1143
18288
38812
18288
8001
17526
1270
10414
6731
12065
5334
15875
9271
6985
23914
12065
14351
31551
15621
17018
14605
32131
45339
17526
74617
32131
40894
41656
17780
-254
15621
111518
45339
40894
15621
98510
1397
-1651
-762
25225
6477
2794
2286
28185
2286
5969
9779
6477
9144
75775
8001
2032
3683
-508
44929
9398
2667
17653
17653
32166
17653
8001
9398
9652
38784
4953
1778
41164
10668
8001
2667
11684
10414
5461
4826
13589
12065
7747
8890
9525
9398
-2539
15875
8001
11811
13208
18288
29727
12065
8509
23385
11303
7493
15748
39015
15748
11303
55946
254
-1524
-889
-1651
11770
3429
19685
-22806
-8382
3048
30240
4191
13208
9525
9017
17653
18288
3175
73820
13843
7747
14097
-2667
12441
4572
7747
5334
381
-58651
-9525
-15494
-6096
81672
-1016
3175
6223
1905
1772
2413
254
508
7266
8636
3302
12627
7239
16129
1778
1143
9760
12954
16129
27024
16383
12700
14224
-21716
6731
12700
14732
50255
8509
18161
-2667
42639
10414
16002
12192
-9293
254
16002
121436
3048
-2794
2159
-635
63846
11176
5969
22836
-635
4318
-5969
-3683
-1524
11248
127
7366
75848
17653
9144
4699
16134
7874
17526
9057
-2540
4699
4699
4826
138793
-3937
-1524
2286
70992
2286
2159
-3937
-635
114327
1651
7239
-3683
85555
-3683
381
-1270
1651
4699
41990
11684
2921
254
0
0
1651
-33682
127
-1143
-1143
-2032
-1270
381
-11922
381
-1270
127
-1270
29703
9271
8001
26783
381
5842
0
28753
-1778
9017
19812
-7493
-6858
-36712
2667
508
-889
-3429
-508
12319
50209
3429
2032
-2413
13645
1651
4826
4826
-3429
121667
13335
5080
14478
7874
3302
17788
4445
4191
16637
6477
4572
8255
3810
16891
9144
10160
13795
8509
12573
11303
19939
2286
45654
11557
5842
28494
1778
254
36580
-635
254
3862
5588
6604
0
14002
19304
9906
-1016
45370
9652
34544
14732
7499
1397
1778
6604
8128
-6524
-889
8509
1651
-1270
5080
-22217
-1270
11430
-889
5375
5080
11430
-889
76939
14478
8509
11176
18161
51459
254
2667
2921
3429
1270
2032
2286
4318
60343
4699
-1016
1143
-1270
2540
-3683
-52197
-14859
-3810
-15240
-20447
-5080
-14859
50546
31496
-58905
-14859
-3810
-20447
-5080
-14859
50546
31496
-4458
-1524
9906
80934
7493
14732
6858
-2589
6858
2032
15240
17145
32639
13257
4953
10922
11684
4826
14351
24003
24130
7620
23749
36626
8890
5461
-6223
2413
-225
10541
9906
503
8128
-1143
-1143
-2032
762
28537
11176
16002
4572
12700
3683
31357
3810
21082
14061
7747
3556
4679
11938
11811
17907
-3346
1524
1397
19709
15113
1905
5842
11557
-6345
762
4445
-2159
33508
9906
40894
47879
23241
12065
8255
44958
43180
12700
12192
5461
16002
9271
5207
54808
16002
48006
40894
2032
47879
23241
3810
11811
35814
28194
46482
21844
45974
5461
9906
6731
23590
9271
8001
18288
9906
15683
5207
9906
1524
42773
-381
6350
6096
3937
60078
2921
6858
72331
1524
889
-254
2413
-3810
-37576
-1270
-1143
-2032
-1270
381
78222
28829
14097
22606
40894
66080
13335
4826
7874
23033
8763
1524
137977
21717
13970
5715
49739
5715
21717
21717
34047
4572
1651
9525
4191
42873
9525
4572
46043
4191
5461
1270
4572
-31071
-5207
381
-3429
-635
-29628
-635
-3429
-5207
0
18965
3937
6604
3556
29919
7747
381
19846
8001
16510
26516
16510
8001
8001
79743
2794
9271
-3556
381
1270
24213
4572
1651
65993
18542
17145
22987
14224
15367
32974
13970
15367
7112
6731
2667
8636
4826
6096
24130
9525
9652
15367
13589
32131
7620
6985
9055
4572
-2286
-8324
-2286
4826
4572
44361
6731
14732
10795
11430
16002
21717
10193
11430
10795
11430
3810
14097
7493
8890
2921
14605
11557
63756
2794
-4445
-2540
34337
-2540
-4445
254
2794
53014
22098
8382
36875
4191
8636
16764
37784
-381
5969
7874
2667
-3302
254
1651
27997
13970
19177
16002
16637
8255
22987
14605
18161
21717
13970
18556
3175
19177
13208
6604
11811
13589
8255
9525
11938
15367
7747
4191
20947
3683
381
11557
30476
11684
3937
3683
-10192
4953
14732
7874
252904
43434
40894
23241
44958
8763
35687
43180
4826
21844
4064
50333
20828
12573
2032
2159
8890
22987
3048
5588
10668
10287
0
4064
6858
-4440
0
12573
2032
20828
20828
37057
4064
20828
20828
6858
37477
6858
20828
20828
4064
114544
-2667
2159
-889
8509
-63947
-19558
-16129
-14605
381
-20447
-9652
-18161
-18395
-1778
-15494
2159
-15621
27855
5715
11811
13462
11811
7747
42639
6731
1778
5207
2032
1778
2921
1016
10795
4318
9652
8255
1778
2794
6985
-508
5334
12319
24795
9144
-2032
11430
62167
22606
13081
32639
24130
57527
18161
5334
24003
24130
12319
22987
13970
21717
60223
21717
5334
4826
24003
24130
12319
22987
6731
13970
18161
55410
13970
15621
24130
14986
2794
13970
6985
23749
37754
7493
1397
10160
41664
1778
2286
-2032
5919
9271
8128
21082
55299
2794
11176
-1778
-1016
22479
3429
8763
19050
3429
-1524
5461
46021
7239
6731
55381
4826
9652
3556
-17482
-10922
-4064
-38636
-10287
-4064
1016
75091
10541
11938
12954
20574
37034
8763
7112
23152
1778
7112
42657
9271
4826
24130
25259
11303
4826
24130
18288
47713
10160
4826
4445
-1905
-2507
-3175
4826
-1778
43241
6096
7112
4826
6477
4572
3810
2413
9525
25435
11430
5461
24130
6477
76285
-3810
-254
1524
45638
2286
1778
1905
-127
-254
3556
6223
21506
-254
2286
53589
3556
1778
1905
9398
-127
2286
47853
6223
18415
6477
4826
2286
3556
-1642
3810
4191
-359
17145
17653
15367
18669
63318
19812
2667
18669
-37065
-8001
-9271
26488
24638
17399
37313
3048
4064
2921
9652
50550
635
17145
-2286
-4953
22987
57775
24130
16637
9017
17145
24130
22987
5080
0
0
-3429
44742
5969
5461
12700
72517
22225
13843
54409
-3683
5334
48309
5334
-2921
-3683
-13970
15537
8890
8128
381
49018
635
5588
30726
5588
635
24562
7366
8382
4767
8382
4572
1778
7366
63630
-1143
3175
27837
2667
2794
-3383
9017
12319
0
3931
0
9017
17780
1524
18796
508
1849
508
1524
55436
7747
9906
20888
762
-2413
14449
3302
13335
2869
-2413
-1651
17018
4682
12954
8509
30353
27378
30353
13970
11684
6985
6985
15748
19685
10922
23495
9017
8509
6604
14224
12954
10033
12827
13843
12700
4863
16764
30226
16510
8509
28575
29203
10033
13970
6985
6985
9017
8509
30353
12827
13843
39220
12827
13970
6985
6985
8509
30353
10033
13843
-4085
11176
8509
-10802
3429
6985
-1397
8509
-2477
14605
6477
762
1211
17780
32639
5080
812
14351
39243
1905
46101
5842
32639
11557
-9922
2921
14224
3048
71991
-381
-2921
2032
2540
45751
11049
3683
7112
11905
7112
13081
11049
26930
8636
3556
36525
3556
5969
19236
8890
10414
8636
10668
9398
224
9525
10414
8636
10668
30544
9398
10414
10668
8890
35580
4191
1397
7874
6731
4929
6985
-254
14732
18796
10414
26166
10414
6985
109291
-889
127
33555
1778
1905
1651
28845
1651
9525
508
-5334
1778
1778
17591
13208
13462
88780
-2667
5080
381
-2413
-254
-8255
-6858
69068
-6858
3810
-254
-2667
-381
101729
127
-3810
2032
2540
138683
-2667
381
-1143
-1397
-3429
6604
84773
6604
381
254
-3429
127
-2667
95805
14351
24003
1016
29845
11303
34020
3937
1778
43965
21717
14097
6985
889
3302
-635
24795
12954
7874
26566
7874
10922
11684
12954
37758
2286
5334
3556
762
3937
5334
34304
3937
7239
2286
59902
5334
2286
-7955
1016
5715
14383
6350
0
37070
0
6350
-30829
3429
1397
254
19558
57613
762
-381
1651
70373
-5461
-635
-508
27372
-508
-5461
12505
-127
8890
2921
18627
9652
4064
3048
18537
9652
17653
17653
84480
20447
5842
9652
24958
-3556
1524
24710
127
12319
6416
381
12319
10768
8382
2921
-7470
1016
762
-10212
1905
7747
28210
11176
8509
-6315
1651
2921
42300
4699
3429
6731
37746
3429
5588
4699
8382
46654
6731
1143
4699
44443
8001
254
32010
254
2794
8001
23552
-2667
-4953
7635
-254
10033
-381
-4953
-4191
-1397
66078
2159
22479
45492
6604
22479
23039
16764
1778
3937
66035
23876
2921
1778
3937
49441
254
-1905
-2286
73477
-1905
-10160
254
762
-2286
68500
4826
8255
3429
11811
15367
16891
10287
18923
12319
118287
8890
3429
11811
6223
10287
18923
-48187
-18161
-16129
-14605
-9144
7239
-19558
38268
8509
4826
34925
9652
9271
14271
2159
16637
2413
3937
1778
14555
1778
6731
16637
2159
0
0
1397
75183
7620
24511
6477
3302
15494
3048
2667
7112
11684
8001
6477
5461
5080
21463
7874
4572
8255
6223
24003
3810
8890
10541
12065
13081
14478
25781
5842
32131
6604
4953
13970
22987
-1905
27051
9525
37400
22987
13843
24130
18288
7620
47888
-1905
7112
24003
24130
32131
10160
7620
269680
27051
15494
9017
24130
7620
50440
9525
7112
24003
6096
7620
-14361
-3048
-2413
-1524
-18935
-1524
-3048
-3937
18306
1397
-508
2159
5080
123834
-127
-3810
-381
2667
-635
-3429
-3175
2159
-8255
-6899
1651
0
-7662
10033
0
27414
13716
11557
10414
2375
13589
6350
6477
-21935
6477
2667
13589
-19163
7874
6350
25062
11303
12700
2921
12319
34078
6731
8509
-9886
4699
21844
9144
3937
17653
30793
6223
-2540
-5116
1905
5715
22267
5715
1905
41390
10922
14732
14732
56744
19685
-1524
19558
1143
12025
1143
19685
10541
23773
14097
4191
9209
4191
14097
34571
8509
-1905
28631
7747
6731
28447
12700
6731
28027
-4572
-2413
-1524
-802
3556
1524
3429
3937
61747
11684
14097
46116
2921
1016
2032
36184
2032
-3048
1143
10922
1016
2921
51672
7112
4191
6985
60743
9525
6985
18560
1016
-3556
44176
2921
15367
1905
14224
3683
15511
1270
7493
24130
18923
8128
23760
2540
24130
4572
95306
10414
9652
24130
2413
23038
14478
24130
6223
-2340
1905
24003
24130
127
30921
1651
3556
24130
77682
20955
25019
24003
24130
24820
6985
16002
13335
17272
24130
6477
13970
61565
23749
19685
7874
5461
14351
24130
13208
8509
4953
13970
11684
7366
121782
10287
10668
4572
11557
11303
8255
3429
9652
7366
12065
24130
16891
7366
12192
24765
5715
6604
4826
8890
9652
12319
34434
6985
10668
24130
13970
6858
-1688
-1016
19304
78727
-1143
-1397
7112
143011
7112
-1143
-15554
127
-1778
64620
5842
1651
8001
2667
508
5969
52020
2667
1651
11303
5842
2550
1143
8001
7239
-6734
3175
23622
77312
16383
5080
-16220
1270
1397
5588
8763
9810
2667
1270
43094
11684
19685
23749
13462
56270
13462
19685
11684
31587
1905
4191
889
2921
57136
381
2667
2032
3429
20954
6477
11430
40595
11176
10795
105292
50546
381
-15240
-11176
41656
-20447
-8509
7747
-14859
-14859
14058
9525
11557
26968
11557
9525
-25943
4699
9144
-14170
9144
4699
39176
12954
15621
3810
30734
11303
10541
-2318
3937
-127
5842
-50215
-9398
-9144
-8001
-7620
17576
11430
-889
74116
5969
381
11557
0
-3001
6477
9017
36874
6858
5080
6477
6985
60560
6985
24003
32131
85993
27432
2032
15494
4064
4953
10541
16764
2540
6604
14605
3048
10033
9906
44412
8636
47879
-2604
3556
4318
5080
4826
1016
15544
1016
3556
67270
30099
19558
50637
6858
4445
11303
2794
10541
6604
10033
7493
13970
-2305
3175
19177
5461
9525
15240
14859
66430
11811
9271
10795
1778
635
11811
5461
11811
-127
12700
12700
58407
12700
11811
58407
12700
11811
20574
2794
5334
2974
1905
5715
-3243
5715
1905
72453
12573
11430
4064
4953
-2667
28896
17526
13335
15621
24975
-4191
-762
-1397
12470
10287
20574
44963
-5080
-2286
38132
-1524
2286
-127
24130
3429
81710
3556
8255
9144
4968
6985
1270
18288
23829
-1524
381
254
59412
-5461
889
5661
5080
22987
17272
24130
22131
11430
11684
2954
12700
12573
13116
9906
4699
8890
20585
8890
9906
2508
13843
7747
17780
8001
30790
-1270
6477
-36528
-2413
0
2921
40305
25908
17272
30988
26224
12700
16510
17272
23156
15875
-4064
-18517
-4064
17780
15875
65879
-381
3810
-254
-6858
12671
254
5842
4191
2413
6223
11176
-4064
-889
12700
4445
-3302
9144
-381
8636
8509
4953
2413
48411
8636
-3175
9906
6350
254
55802
8509
254
57985
4953
254
39009
2413
254
52158
13716
10795
59382
10795
13716
4699
24648
16256
17272
2540
11199
1397
1397
1397
3937
42549
10541
1143
39658
-2540
-381
16002
11303
3810
46472
4318
2032
2540
34217
-508
2921
2032
2540
1778
1397
-635
2921
8001
6731
5334
16891
2921
24915
7493
13208
11684
8763
45463
4445
2540
24113
6731
8763
30496
8763
6731
55826
12827
24130
29045
24130
12827
51715
5969
3937
381
-12999
16002
18288
26543
13081
10287
9017
13208
10668
20447
45301
381
5588
-3048
4191
1524
97118
5461
3302
5588
2159
7239
27471
8890
13208
5334
23359
2032
2413
15113
43235
33528
635
101519
18923
6096
52070
23241
46482
3429
-2667
6223
44958
22225
8763
35687
43180
11176
16891
12192
5715
6604
4826
8890
1270
9652
85039
7620
4064
7747
16256
34491
16256
-635
7493
18415
7747
7620
78676
762
-10160
1524
-1905
93534
1524
8382
21608
2540
-254
61864
10668
-1397
5080
1016
86268
10287
-1397
24157
23495
18288
13081
-9287
-254
-5969
3180
-5969
-254
25001
16637
10160
16510
15113
53002
15113
10160
16637
-21018
-3937
-2413
-1524
64967
381
-2413
1143
73687
-254
1270
1016
70742
-2540
-762
-32319
2032
12319
5588
76818
2794
-4953
-8255
47390
3556
635
46752
5080
14732
5334
5842
1143
-6737
8763
1270
-1424
9906
11049
889
113120
2413
-3175
1143
1397
52566
-3429
-2540
1651
5080
51528
6604
5588
2540
4826
1016
70075
4826
6604
80155
1016
10668
6604
0
0
12573
40670
12065
2540
9906
-27328
-15113
-15494
-16637
2286
-15621
1524
-7747
-13970
-39748
-7747
-15621
-15113
-38871
-13970
8255
-1651
1524
-15113
3490
-3048
-1397
2286
-8149
8001
635
31496
-564
889
9652
11684
9906
11934
11684
-762
3958
6223
8128
33796
2540
6350
7206
5207
13462
12192
8509
17272
25386
5842
15748
10287
-2281
13843
13970
6985
6985
30353
10033
12827
90554
9652
8255
5842
10287
18923
12319
24799
12319
15113
4826
10287
9652
19879
5207
-635
-4786
6223
7493
-1016
31914
7366
19431
1319
127
4318
96366
4445
4191
5588
1651
51602
-3175
508
2159
4191
-3175
-8001
63229
-8001
508
-3175
-3175
-2577
12700
39878
44450
28702
6604
30353
76196
9398
5080
8001
7874
11811
34386
-127
6096
3556
62297
5334
-1905
-1524
12399
8890
11176
6477
21881
6477
8890
53438
1016
-1524
41660
1016
889
38304
13970
9652
12319
2794
10541
6858
19050
14452
5080
9906
5842
8828
5842
9906
5080
6853
8255
9906
15667
9271
2794
-24326
-2286
635
4699
3048
-7228
3048
-2286
79926
18288
-1397
11303
11303
-16676
2032
8509
34
1270
10668
9652
-1524
61087
19050
30480
5588
13970
19694
1651
3556
7220
1905
1270
12900
1270
1905
11026
11430
1270
16678
8382
5588
3429
13019
7366
23749
16353
4826
3810
-3279
-4445
-3810
75829
4699
-508
4572
44962
-508
4699
126650
4572
4699
58158
3556
-381
-1143
81391
-1016
1143
-1651
49935
19812
12192
42161
1651
2413
5842
4191
2413
-1651
-381
4445
45825
8509
2413
5969
80076
5080
-6223
1016
-3429
45042
6477
-3048
104222
11176
11303
55936
13081
11303
7493
7747
48751
4445
11557
9220
6731
5461
58877
5334
18415
-1778
5588
8382
7239
6731
-508
16891
50586
12319
18415
1397
6731
27904
3683
1143
2794
-9896
-254
2032
6614
-3556
-381
5334
381
67753
4826
-3810
43166
11684
8636
-9287
3683
11684
52170
31496
-15240
-11176
-20447
-8509
-14859
-14859
8001
43135
7366
3175
8382
-2413
7874
3546
11049
7112
5969
15524
4572
2667
12700
73562
1397
5588
3175
48567
8001
2667
5461
3937
5588
12248
13843
0
24730
3937
2794
16639
1270
7874
79424
-635
889
21717
78410
1397
4318
-1524
2286
106
3429
9144
6731
7112
47905
11430
8890
17018
6858
9906
19558
59122
19558
-127
6858
11430
6426
127
2540
1270
9941
6985
2667
11482
4191
2667
0
0
8001
19005
1016
9017
78484
2032
4445
2032
25282
15621
13843
-254
20574
15113
96921
16891
18415
3683
6223
5715
2032
1778
1016
-508
10795
3683
17780
14097
8255
6985
-508
5334
53422
6858
5207
1397
5207
29541
0
1397
2794
29944
-7874
1397
-4826
127
75236
127
1397
-7874
28527
5842
-3175
-889
5080
-4524
-3429
-3175
2413
36370
-4191
1651
45617
11557
11430
41367
8128
3175
17712
5842
3175
4826
10402
-2286
7874
3048
10256
7874
-2286
3048
-3358
3048
-2286
7874
40958
11811
1651
1500
3048
-1524
23235
5842
13970
0
0
8382
22551
4953
-762
2794
24148
889
-762
-9934
3683
4572
11176
5334
-1177
5334
3683
70980
-127
-7493
-8255
42154
-2794
-127
20248
8128
1778
1535
-3048
2413
13335
13335
2032
10160
3810
-11772
4826
11938
12573
51077
10287
5334
11557
374
7620
9144
66367
14859
7874
7112
10858
508
6985
1651
8001
5842
34668
5715
7112
6537
15494
15113
26486
14351
15113
-12902
12573
17272
11938
17145
13462
4826
1143
6770
1143
12573
22019
10668
1397
43044
-4953
-10414
17981
9652
4064
54959
10922
8255
-34588
-1397
-9144
-5969
7937
635
7747
-6119
8255
0
11266
-1651
2032
5588
635
6090
635
-1651
13080
1651
-2032
26216
1778
9144
10922
5080
1901
1651
14732
8382
36355
8382
1651
18438
24511
13462
-821
21717
7366
82256
22479
20447
35766
1651
5588
1778
1397
-21231
635
9906
11434
9271
-762
78597
10541
9525
3683
85710
9779
9525
3683
10276
4191
12065
36862
1270
-2667
156833
4318
762
-4191
126290
-4191
-889
-2286
-1143
-635
4318
9945
2667
-1397
1905
-5207
-6985
29069
-5207
2667
56105
-6985
2667
17031
12954
19304
3102
3683
12065
108675
-3683
1270
39182
2921
2159
2794
48928
1016
5588
25839
5588
0
-3175
1016
34528
3429
2921
3810
11430
83981
11430
2921
3810
3429
95390
12954
2921
3810
31491
5969
-4318
-3048
-10054
0
-3048
56658
8001
16383
83641
-1778
11557
-1778
-1143
41400
10287
8890
31622
8890
10287
34182
10033
10287
21844
2540
12192
9906
43501
-1778
14097
11176
1582
4445
9906
22913
1270
9906
9398
-9175
-13970
5334
-6858
10161
-2667
-8128
-1905
6604
6858
3175
-3175
16054
-3175
762
6985
-2667
28650
16764
3175
9017
30305
9017
16764
3023
-2032
-762
10346
2413
2921
14224
14605
8890
45250
3302
2286
3683
2032
73667
-2032
508
17206
7239
-127
2454
1270
17907
14770
8001
7747
56138
30988
32512
21209
25908
21209
36536
21209
30988
28834
2159
3683
-5207
8128
30206
-5207
-3937
2159
46323
8128
5588
2159
49477
6350
2032
-1303
1651
4953
2032
22970
12319
508
62044
-635
-762
2159
3048
2286
52829
1651
-3302
2667
8128
5080
-8038
381
6731
88204
8001
-1778
93482
-4699
-2794
-1524
-2667
-889
-2667
-2286
34433
10414
3175
28908
5842
4064
53521
2794
3683
59753
1778
0
-36508
-3175
-9144
41810
16256
13335
-39598
-6350
762
-1905
4667
4064
8255
43434
72934
2921
8001
99314
8001
2921
56779
19685
10795
97659
22225
10795
33358
17145
18161
15367
37714
15240
18161
47901
13081
18161
15367
28330
15367
18161
17145
13081
21336
54920
21336
15367
49897
-3429
-4445
1651
42946
4699
10795
-9807
5842
1016
254
-2809
254
5842
-2480
11049
5461
7899
5461
11049
1368
5715
13081
4953
-1346
4953
13081
5715
13696
7874
7874
-11044
6350
4953
-889
41601
4064
-889
-254
6858
41802
7747
14605
18542
15113
47939
9398
10922
35285
15113
15621
89336
-762
-2921
-2413
18634
11303
16383
12511
12700
8382
25190
1778
-762
57140
-6858
-254
-9652
-8382
-5461
2667
635
1651
-9144
635
-2540
-1778
-13970
1905
-508
1270
6223
-3175
17033
1905
-1143
-6858
46286
-508
-6858
100135
1270
-6858
34786
6223
-254
-6858
74568
-1270
12065
6014
2921
3683
34615
9398
-1524
8128
0
33309
0
-1524
9398
34078
2794
9017
9662
7112
5080
16383
6731
3429
-635
-8759
-635
5080
16383
6731
10160
7112
112166
-127
3429
-2667
34306
5461
6858
-2921
34312
5080
12700
5842
23520
-1651
7112
-1047
8255
3683
64332
-3175
-6858
41363
2286
5207
0
0
11557
5969
-27348
4064
13716
0
0
762
8315
-1524
9652
9398
9652
7239
1270
73030
12827
5588
68380
7747
5588
61625
4318
5588
103508
-3302
-4699
-9525
67460
-2540
3556
-1143
45554
4191
-254
3810
-2413
11557
-2159
31120
8763
18796
71095
5715
4826
39060
7874
12192
7874
46101
-508
2794
5567
-2540
11303
51604
21590
3429
3429
11908
6604
-254
17780
8001
-3175
5501
8636
10795
-3451
8001
14986
10795
1905
51013
2667
4953
23444
2540
-1143
4953
-381
127
68751
13589
21082
-12322
-1397
-254
-1099
-1651
-254
-17671
-3175
-254
6604
35423
11811
4826
8636
45864
9398
13970
11855
2413
8128
30051
8890
14605
68729
9144
8255
5969
9779
2794
6096
2286
16630
15875
6731
12192
-2160
4318
1905
39192
2032
2286
3302
14115
5588
1143
-3314
14224
762
10668
-4058
3429
9525
131853
381
-1143
74143
-1651
-3556
381
1270
-1524
-6223
-3175
127
254
-1016
0
0
5588
73111
-4699
-4572
-3429
73701
8636
-889
2540
7493
7112
68564
7112
2540
7493
8636
-22888
1905
7366
8001
99435
20574
10541
12297
14732
10922
5207
36604
4064
6604
3175
92936
13843
14351
22862
15621
11811
457
-381
2667
-2159
-5026
5207
5334
57690
5588
2667
8001
58605
-2032
7874
32522
1778
6985
1651
-2159
73273
14986
12065
49924
3683
10541
9779
917
13589
7112
14224
19383
14732
1270
14859
20850
10795
1270
186847
-127
-1143
92146
-2286
10033
-2667
-1143
254
-1905
30107
1651
254
889
254
889
-34519
5969
14732
-5080
5461
127
1397
3937
2159
19558
-5080
11176
5842
24895
6350
5461
55316
-1143
-2667
-254
1651
9712
3048
-4191
30981
8636
-254
5526
5969
4318
63489
1905
5334
11213
5207
14732
22657
3302
8636
3810
32765
10922
13081
41104
3556
6223
54286
-2286
-4318
120501
-5715
-3810
127
-381
2413
-3175
3302
149081
3302
-5715
-2822
-762
1905
28655
7747
4699
27216
3556
-1651
-6092
-2032
1778
0
0
-635
47768
5334
-5461
91488
13843
1016
4445
9017
8311
3683
6096
2794
1397
4064
-6528
1524
381
-3048
1905
381
1443
-5207
-2032
30430
4826
1270
35987
2159
18415
8636
496
1524
5207
-5475
-254
12065
9779
19875
9779
12065
-254
31992
-4699
-4699
-3874
14986
16891
10287
9906
0
0
-5842
0
0
-5842
96497
18669
8255
-57750
127
-6985
-7747
1905
0
0
11049
-24155
-2159
-9144
2422
13208
28702
44523
16383
2032
10160
41934
3937
4572
35301
13462
16002
50090
14351
6985
44848
6604
2159
57108
2921
-508
67359
8255
18415
3556
5080
4826
28328
4826
5080
8239
-8001
12065
37755
19177
5842
29540
5842
19177
4390
8128
7112
6731
1270
2765
10668
7747
63047
-5969
-254
