4
4
7
256
6
4
195
2
4
3
3
3
5
3
6
5
5
6
6
2
6
3
6
4194305
8
5
75497472
5
2
6
7
8192
51
6291470
2
32
641
4
5
8
4
132
6291456
12
4
7
3
3
10
3
2
7
9
4
17
28
4294971520
2
2
11
4
6
2
48
4
11
2
4
4
35184925876230
3
4
3
13
32777
7
7
1180672
4
3
4
5
3
3
6
4
5
4259856
16909409
11
5
7
4099
25090
90731448323
16405
8519680
3
2
109051904
3
4
9
7
8193
5
1088
5
536924160
17418327
6
7
516
4
4
2
514
3
3343
7
68719476738
8
41943040
23622320128
13
3
137
66560
68
3
4
3
6
10
2
4
2
5
2306
9
3
4194307
6
4
131376
7
34376516609
425984
6
68
4
5
7
324
13
8
7
5
5
3
8
3
43
2
3
5
3
5
4
3
3
4
5120
5
5
70574904705028
259
37888
2
4
11
5
3
4
2
3
7
2
3
5
70368744185856
7
2
3
37
258
4
4
524288
3
3
8
26
6
2
3
3
2
2
192
1831
13
2
262448
2
4
3
4
12
4
4
2
2
4
3
2560
2
3
6
5
6
73
6
2
3
2
272
2
2
157
5120
65
4100
1029
260
320
5
2
4
4
2
8
2103298
4
3
259
65
68
8
3
2
68
32770
49
5
2
12884901890
4
3
6
524293
6
2
3
3
19
4
1064964
2
549758175366
7.378697656971611e+19
9
3
3
8
3
131075
2
2
259
6
1152
2
2
3
3
3
6
4
6
4
3
6
4
1.0133099161976832e+16
3
1956
2056
6
4
67118730
5
4
2
3
6
11
1026
5
2
2049
4
2
6
4
3
4
6
4
8196
130
393216
6
3
70368744177667
3
3
36
4
2
3
6
100663312
3
6
2
3
5
1154
4
61
2
4
8
335740928
2
6
5
2
131
3
9
2
2
57
3
5
3
65536
3
6
8
5
289
8
8
4
5
320
7
4
4
4099
5
1026
4
4
4
137439264768
9
2
5
7
2
6
4
3
323
3
11
2
1092
8
71
18432
5
15
68
1156
1031
3
5
8589940992
2
268435488
16777237
3
262404
2
2
3
3
2
6
3
2
24
3
24589
17
2
3
3
549755813905
6147
4
28
264
7
3
1.152921504606847e+18
12
8200
5
9
3
524418
73014448128
5
5
3
4
517
25
534796
4
7.555802641872574e+22
5
7
131
4
3
2
153
5
524324
6
7
4
4
6
4
9
65569
2
2
261
4
16387
3
7
5
10
8
792610
562949953421316
5
1134475952128
3
4
17
70368744177664
10328
4
2
5
562949953421315
2
9007200328515844
10485760
2
3
136380417
2306
4
12
12291
19
2
4
4
3
5120
4
6
7
3
3
2232449
13
2
2
65537
4
17
16
20
3
2
4
130
3
3
3
5
3
3
17200840720
2
7
6
7
5
416
98318
2
3
3
21037122
5
33280
3
19
9
4
2
3
9
6
4
3
2
5
6
4
13
3
8
4
3
3
3
67
6147
2306
2
6
13
65540
4
9
7
13
5
6
2
13
2
131076
5
3
133
2
268435459
3
4
1116691503107
34
34
3
2
2
320
1.1712173783615406e+18
4.611686018642143e+19
3
7
4
517
9
8
2
2
3
4
16385
5
3
3
3
4
5
5
7
3
2
5
1028
5
4
2
67592
2
4
3
2
2
3
8
2
13
2
3
65542
8229
13
2
6
2
3
8
65543
130
2
2
515
11
13
2
18452
3
18
2
3
2
2051
523
4
2
4
3
5
3
3
2
3
4
2
3
6
2
5
3
4
3
2
3
16
1030
6
2
3
2
5.312662363597095e+21
3
10
8196
3
131204
4
2
5
10
4
9
3
28
2
5
3
5
117572995
201326593
2
4
9
5
2
134
6
4
3
6
3
131
1125900045844481
32768
3
4104
6
2
36
51
32
4398064861207
10
70368762003470
8
6
8
4
6
98306
4578366418061314
5
9
4
5
12
4
2
6
4
3
18
24641
2819
514
5
152
7
3
3
8388611
5
4
6
33
4
2
3
6
32800
192
2
4
4
2
327683
315396
2
3
256
6
3
2
2
259
6
138
6
32771
37
5
6
4
5
6
5
2
5
5
3
3
2
15
3
5
5
21483225089
2
3
6
3
68719484930
7
14
9
34359738370
6
3
2
3
6
2
2
5
5
4
2
4
458756
2
10
5
5
9
4
33554501
8388611
3
5.902958103587057e+20
2162706
5
4
4
4
2248146944
4
5
137841606656
5
9
4
8
3
3
6
16777218
9
4
33619971
3
6
8192
3
3
10
4114
6
4
6
4
21
2
234881024
7
7
514
288
3
3
5
5
3
2281701890
3
1029
4
6
3
4
3
70
4
4194344
2
542757
536936513
5
3
4210824
4
131075
8
643
4
9007199254872064
514
2
8
131115
2
2
67108865
5
2
2
4
2
3
5629499534213120
4194368
2
4
2
2
4
4
3
4
2
2
4
16386
6
6
1027
4
36864
2
2
3
2049
2
5
3
2
72
2
268435459
3
3
4
3
16779266
1027
40
1090
2
4
5
8
20
7
8589934596
2
2
4
6
6
3
5
25
2
32769
3
2
3
87043
5
3
6
2
4
6
2
2
2
39
259
9
3
8388610
5
4
28685
4
7
3
5
21
4194310
6
3
2
4
5
5
1537
3
3
6
862517
2
2188
6
4
2
2
6
2
9
4
2
288
5
2
2
3
2
4
2
4
18
8
2
4
5
2097665
5
9
341
3
2
37
6
131075
2
5
106
262149
2
3
70
3
3
2
17
8
2
7
4099
4
4
6339
2
8
5
4097
8
5
68887
4
2150629376
3
2
5
2
5
8
32770
3
5
2
6
5
3
3
264209
8
4
4
7
7
7
2068
6
5
4
3
6
6
18
66561
2
4
6
2
578
5
6
2
3
3
8
3
8388612
17592186175490
14
6
1100048631298
2
3
4
3
2
5
4
6
3
22
2
5
4
8
5
2
4
5
2
3
3
7
34
4
197
8
5
5
4
3
133
3
12
3
12
5
10
4
7
2
9
4.722366483969224e+21
2
81
3
3
3
24
73728
11
9
49
262213
3
6
5
5
3
4
2
5
7
3
8
3
3
2
6
4
11
4113
3
28672
8590000131
4197383
3
2
7
4
4
6
8
1048581
4
3
4
2
4
32
3
2
4
7
5
5
3
5
4
2
6
4609
3
1384651
3
5
2
4
16
2050
2
3
2
5
5
32
4
3
4
7
4
4
7
2
4210695
2
2
4
11
27
6
3
3
4
524289
9
14609
4
8657043456
3
2
7
512
4
4
65539
4
560
9
3
6
5
520
2
3
4
1024
4
1048595
3
5
9
524288
8
554050781185
2
5
3
3
4
258
4
4
3
3
1.4757620454410892e+20
4
2
4
10
7
2
2.9518393404509966e+20
4
3
3
65542
4
16777232
2
36
4
65540
4
3
5
12
4
6
41
2
28
2
3
7
3
11
131089
4
8388609
4
4
12
6
4
9
5
4
4
5
131587
2050
8
6
18
5
3
5
32771
2
2089
65537
3
5
3
2
3
172
2101267
9
3
134742021
3
2
146
24577
27
4
5
365072744705
2
4194320
4
2
2
4
137438986244
4
3
131
3
6
1026
3
4
4
2
7
4
66
8589934593
4
2
1.441151891495977e+17
40
29
2
3
6
3
6
6
4
2
5
192
512
6
65541
5
2
6
20
5
6
20132660750
272
2
4
33554434
37773314
2
2305
6
3
4
5
8
7
3
3
5
4
3
4
2
2
2
3
3
24
3
9
5
3
3
2
131077
6
4
3
4
3
2
3
2
4
2
3
4
3
5
8
4399130842368
3
2
3
4
1056
7
3
5120
5
5
6
18432
5
35
132
3
6
4.620694317195919e+18
23
5
65
4
805306371
5
2
16385
16
3
2
8198
268435459
2
3
273
36
5
9.80490043932436e+18
5
5
8590983168
896
65538
7
4
3
5
2
1570
4
2304
67108866
3
17592186109953
4
8
5
3
4
268435458
8192
36
8388869
6.189700202236545e+26
6
8
6
5
3
679936
6
3.094853049737551e+26
5
4
10
4097
19
2
31
5
2
16385
6
2
3
4
4
5
195
5
5
5
2
5
263
3
4
3
3
2
18
3
6
5
5
11
4
129
21
3
7
2
3
8
147456
6
7.262054399134925e+16
4
2
426373
1282
4
4
73
4
4
3
2
4194356
85
8192
2
2
3
6
7
8
2
1.8889465933677604e+22
2
5
4
4
4
5
4
8
3
2
2
4
2
1.8023492028993664e+16
2
9
4
65541
260
2052
383
207
515
2
5
3.026015522770795e+23
4
4
34
4
2
32805
34359746578
6
3
2
404
4
4
4
384
258
5
3
8591048705
32
805306368
5
4
76
6
5
544784
69
4
3
3
258
260
5
5
5
5
7
4
6
5
6
7
2
2
4
3145761
2159017985
6
3
4
3
138
2313
5
3
4
5120
5
649
3
513
2
1008
6147
2
4
2
5
24
1153
2
1237
11
18
5
1034
3
2
536
6
6
6
4
8935679459330
5
4
5
5
5
5
5
9
1027
6
6
32
7
4
6
6
3
6
274878038018
4102
5
3145729
5
7
6
10
15
274878431235
16461
10
3
8
4
3
4
5
7
5
4
4
5
4
7
4
7
5
3
8
5
6
3
18
4
3
4
20
76
4
805715968
518
134217744
65795
81935
3082
3107
134
5
6
552440705088
3
69
1284
1058
2053
256
1151319810048
4625
5
3
2
5
7
4
6
72
68
278530
195
514
45136
133
103347793920
4
6
4
4
45
3
6
5
3
4
3
3
5
4
4
6
3
4
9
5
9
5
5
6
5
3
2
4
6
545259521
18
9105336958976
5
137438953476
67174402
65541
15
130
4
3
43
4194307
268435481
5.764616038142444e+17
1035
34088963
3
2
2
3
1029
4
3
3
2
2
5
3
5
4
3
41
5
11
5
5
2
6
7
4
3
6
4
5
5
6
6
2
7
4
3
3
4
10
3
4
4
3
1.161928847836119e+18
3
5
3
5
6
3
7
11
9
4
3
651
19332728064
4101
14
3
5
11
40
1.6242798234512388e+32
3
131077
60129542656
6145
1.4411519988701594e+17
1130333453946880
4099
3
3
4
4
23
101778479
6
8796093022369
34
4
4
5
3
6
6
4098
2
3
5
6
67108993
3
7
134217987
5
5
4
3
12585514
5
11
4
10
9
5
5639
8
6
5
4
4
3
6
3
13
137
33554569
328
2184
152
4
944145
4
6293764
1064961
268435473
6
100663299
10
268435474
3
134217732
32787
5
4161
5
3
3
2
3
3
3
3
5
6
4
9
2083
5
26
4
6
5
2
4
2
4
33617
1125900041060355
281474976710674
65538
274877906946
3
68719476739
34493956100
1048597
8
3
3
7
4
2561
12300
13
16777251
68
65
4
12297
32770
2
5
4325986
2147484929
3
3
3
8195
10485760
5
8194
3
3
351
1029
3
4
3
3
8258
17867131125761
3
2.951479054542339e+20
2147483652
9
130
4
5501853241392
2
2
3
6
3
4
5
4
6291458
35
35
1084309508
8
4
4398046511108
9
6
7
18435
11
296
3
4
131082
11
8259
131
3
258
2114
8
4
257
4
2564
6
2565
1.351079888211149e+16
65537
524295
5
66
4
4
2
3
3
321
3
845524441792512
643
134217729
770
7
6
5
1048578
26
4
131074
6291969
262146
4194633
7
8
6
9
9
3
5
16554
4
6
65543
5.07060240091292e+30
2684354562
5
5.764607877369037e+17
4
5
6
5
2
5
7
8196
8
7
5
2
3
49154
18
4
67108882
536897966
260
69281521665
2
2098178
105588013137936
4194337
6
6
17833984
2252899325837313
3
257
9
6
3
2049
6
1099511646208
65
6
9
5
8
4194305
84
146029936649
2.0070201667667536e+22
274877906947
3
5
4355
4864
5
140
3
2
139
2
6
5
3
10
8388613
7.555794535365757e+22
4
1.1805916207174113e+21
5
4101
4
4
4
4
33
2147909632
6144
3
5
4
4
5
8
67713
258
4
6
7
5
5
9
6
4
3077
13964935170
12884901889
5
3
4
68157442
2
4
5
5
23833
5
8
7
3
6
3
3
5
8
10119
20494
516
4
4
2
2
1152
3
2
2
5
4
549755847680
3
8589950992
65536
14
14
12
7
8
7
2
2
2
2101250
4
4
2097155
18
4
69
4
1048711
4
3
5
4
4
4
5
6
135
3
1.125899906842624e+16
3
6
4
4
2
3
2
3
2305
4
5
32
17
4
5
12593233
3
3
134217730
34
17
2
2
4
3
4
130
17716740097
2
3
655360
4
5
12291
17
16777222
4
3
4
131075
3
10
6
2
66
36
66
2
8589934592
3
5
2304
512
1154
2306
674
4
7
4
4
2
8858370050
4295229444
69
132
12
5
2
2
3
536872962
8
4
15
3
3
4
4
4
2
2
5
8
2
3
4
4
4
68719484929
201
2
15
16642
7
22
3
6
5
4
16385
16787466
21
4194307
2
3
6
13
8
3
3
2
13
3
98305
17179869185
3
2
2
4
4
3
4
3
2
7
2267742797826
8
512
8796093022208
2199024828418
16387
1054723
2
4
2
2
3
4
4
2
9
3
770
4
3
5
5
3
6
24576
7
5
9
4
6
2
13
12
3
32769
33554432
67108864
3
1179712
10485760
3
3
136
2
5
13
4
6
524290
33
3
3
3
7
4
3
3
8
2
2
32
1.8734974449861526e+19
3
3
3
4
1059589
4
65
2
2
16400
4
6
5
3
5
2080
4
4
4097
4
6
2
7
4
2
2
4
4
6
2
2
2
2
3
6
4
3
8
5
4
2
4
3
4
3
3
2
3
2
7
2
2
2
6
3
2
3
6
5
2
3
2
4
256
2
5
3
2
2
2
2
3
6
3
6
4
2
4
2
4
2
3
32770
532
4
3
3
2
4
74
2
2
1664
2
2
4
3
3
4
5
3
4
2
2
3
2
2
2
2
105
4
3
2
3
2
5
7
2
4
2
3
2
2
155155693568
2
2
2
4
3
2
2
3
2
6
3
3
2049
2
2
2
2
2
2
3
2
2
2
2
2
3
2
2
2
3
2
3
1025
536870920
2
2
3
5
2
2
5
2
68
66113
3
2
4
4
3
4
2
3
2
2
2
2
3
5
3
2
2
2
7
6
2
5
16957700
2
524
4
4
3
3
1046
517
3
323
3
129
17
5
3
3
4
3
2
3
2
2
3
3
2
2
3
2
2
3
3
2
2
2
5
5
