-21338
-68579
-24897
-8502
-26834
4196
12823
-18495
-6123
48770
-1274
-18495
12823
1432
-36076
4154
-28499
-1938
21399
42446
-277
-43820
-64562
-9605
-33167
-14568
-38483
-15384
-34268
-80110
-30283
23947
-2341
17452
45394
-7982
-5539
74
24251
-4868
-4651
3816
-10220
-45777
-133798
-38915
-1372
-58
-35351
-84556
7228
20759
25222
-11226
9138
20229
30141
24352
4745
10199
3554
4615
29067
4087
7042
-30491
-60747
-80810
33084
7309
-7244
-6175
-49246
-27952
-62059
176
-59128
-20350
-56988
-77321
-35840
-19851
-22721
-23308
-4514
-9822
-9113
1941
-29280
-93452
-61409
-30640
-32534
-27048
13048
45163
92598
42507
50102
-10548
32256
-11809
-56855
-99814
-8517
-18068
15541
63223
44595
42478
-4510
11022
-42247
9790
-37249
8886
3316
71181
90005
36989
58270
28780
-3805
-7553
11464
-9903
-93452
-29280
-53913
-45772
-43501
-60747
-68187
-35524
-6384
-33704
-41250
-47921
-10540
-55179
3300
-29995
-5265
40413
-3369
-11045
1411
54
-53552
-10184
-80810
-57516
-20947
-14524
-26166
-57650
151
-960
28990
3618
-14460
-73518
-57326
-33763
-107468
-5539
-31283
-25991
-16020
-7017
-557
295
-693
25073
-8843
28934
-43770
28648
55469
7347
34386
3416
10131
43054
86249
-7839
26685
47201
-16476
-43506
-107468
-13757
-27878
-1659
26209
77909
28910
59811
25362
95667
27488
41568
47741
-16473
25754
-9443
5677
61078
985
34933
69366
34248
31440
3760
1185
24982
-597
56098
71181
3316
-25
-3562
20194
-3248
13241
-17760
-3000
-39282
-36442
-43076
-40051
12343
19920
-407
11474
-13196
2870
11577
53060
1117
3337
-3871
-6547
8398
28990
-6175
56545
-420
-1544
1749
-60853
-21769
-39044
-36009
773
-20938
-11723
10648
-28499
-11900
-70922
-62059
-2245
-21757
-27474
-17782
27912
53434
83834
78571
-13801
-50596
-45772
-53051
-43402
-48420
4154
-30105
-43402
-49266
-21349
43171
22629
4154
-6175
1354
-7656
19903
3268
-67189
-31158
-14441
34477
-14081
-23529
-22569
-771
4915
-20800
3820
-13479
-6241
12706
-31114
-43923
-25817
-107468
-54528
1378
18992
14150
41063
15345
53045
985
-16247
-4069
36422
-8821
26479
16149
15580
40712
44718
10324
-28567
6503
20990
-27775
15382
14745
-3857
-394
-110932
-131784
-3819
-5232
-47349
-6761
-46678
-43434
-33362
-22926
-68506
-22559
-12924
-107468
-8257
154
-48481
-1686
985
61078
53045
13192
-9465
-47488
-78959
-26927
-5539
-31283
16594
-6599
16063
42424
7473
-18965
44699
-6095
-23707
-21127
-37665
-1172
-14790
-8783
-51514
18780
-29281
-8821
40712
14107
-12862
-28567
-131784
8630
3892
22983
9181
21573
34531
73675
78176
27015
-14930
-38089
-16328
-107468
-28499
-15044
-27031
31365
-5987
-27650
2870
-5365
-11765
31239
23889
55651
12203
67555
-21273
-41492
-6256
-28499
-76801
-3755
-12326
-25817
-107468
-13790
-53825
-8491
-9781
-38744
61698
-41873
-96
-20994
-53124
-107468
-29478
-16114
-25907
11779
49789
19921
79624
-7982
2568
-5539
-31339
36096
-15276
8630
45705
30241
29023
-20358
-24355
-24469
-5963
9759
47653
84539
24849
48081
97989
-8622
-30277
15348
5601
13920
-9771
10648
-36304
-27000
21869
49412
-15098
31378
3
13695
13422
23584
34325
22952
21535
13513
49230
33309
28183
-3012
-9144
44267
-3248
-22443
-67098
-14834
-20397
23223
29023
30241
35514
-24469
-5963
26368
-12457
-10622
25479
30669
43494
-11819
5082
3760
40109
-6175
12557
13345
1117
53060
-30997
-9349
-29423
24849
84539
42475
-45421
27178
21555
19665
-25571
44564
-14907
16149
-21418
10796
3670
11527
-26927
11290
8563
13192
10281
31992
8549
20232
17794
-3630
24209
-13408
-35400
-10540
-12507
-23848
-15001
17388
21495
52785
97989
-58056
29496
53411
55305
-20862
-11946
39134
17238
35743
-6175
2667
56545
-34104
-13054
-36841
-973
-21055
-13632
-107468
7731
-5934
35069
-4867
-44703
-14247
18703
5534
-18579
-58020
-11212
2539
3156
6809
5303
7563
7563
-20383
-3378
474
10203
79624
10376
-11723
-25704
90426
-41065
42196
28020
-17760
-2729
28053
68641
40757
4403
4363
13015
29735
18142
-37047
1181
6900
74
-12862
40977
12097
22225
10390
12706
-20396
14001
30554
30067
-16097
-1531
3192
6352
49585
77804
49608
6522
5589
34574
43178
15788
-5265
-29995
40413
-3369
-11045
1411
5968
-1392
13867
74
31177
-30017
-31882
-133798
-107468
-62867
12487
62994
53808
74552
57234
-19217
17804
-10123
22576
46906
12009
50830
92598
26682
21897
2965
49061
7860
18824
52213
14150
68012
25479
42995
-25573
-43434
-46678
-47441
-16505
-48481
-8466
-756
8418
520
24770
29489
65727
55812
35667
6492
-1450
1074
-14330
-6722
16605
53808
62994
36670
37311
48781
40898
13410
45030
26682
30035
66387
430
61914
50686
63087
42379
27567
-13231
76040
-1001
19900
31232
21149
15204
29925
45847
-680
38788
1736
10461
-7362
-16473
75866
-20271
-63292
-34457
-30044
-25877
-41112
-19118
-6905
-18619
-12994
-455
-107468
645
-39002
-51341
-9398
9053
26682
5708
17804
30579
24072
32512
78176
15860
40044
29405
48936
63087
1868
30174
9014
-3083
22566
7426
-2820
12883
-8214
22638
49351
48047
54053
9738
-37653
2054
7672
-10108
-12523
14425
-16868
-30997
-24257
-23303
-10561
20650
14745
-11308
-15370
-35400
-47126
21134
-22962
-8201
35111
54425
29179
20489
39153
36198
105325
44348
3579
18778
30787
74743
64585
27689
-21809
34215
106706
35221
70661
27739
53860
40689
37588
11632
15355
40413
-29995
-5265
-11045
1411
16771
-3369
-29995
-5265
1411
5968
4474
36670
53808
26682
8546
-4468
72362
45755
85132
64592
38359
5463
28943
13410
26682
4772
17804
1736
-4029
-15725
-18032
5968
-962
1390
43077
87283
26451
44595
-1427
23032
12203
29895
29923
42475
24849
75267
52785
8666
75874
58640
12749
31198
31768
29179
34287
64320
51123
44348
12516
37311
53808
51442
35183
17804
-12344
67070
21740
1736
-10548
12753
55171
66383
13266
26411
91582
75866
91582
66616
153215
-1985
35277
91582
26411
91582
8928
10127
3949
22213
13410
26682
1861
28189
92598
45163
50830
26682
13961
32626
17804
8251
1736
1422
-1623
-1270
-49778
12871
25192
-23948
-24858
-6175
10073
38752
4403
-8610
-12862
34325
10390
-2711
-16022
-68689
-45772
-60747
4756
7603
-25682
-14160
13648
506
-7696
-25682
7603
-14160
5849
-13375
13648
-9073
7833
-2642
43233
-42764
16032
-25623
-13063
8493
8891
16472
29153
7953
493
23857
40672
16582
-53051
-333
-1084
-782
-78959
-5539
30141
42076
11040
-5011
-32357
-63044
-36062
-54
6035
-28499
12793
28780
28184
13158
8398
-6547
-20862
28780
1781
24537
48781
53808
13410
26682
430
17804
1736
-8701
-25448
-42114
-54333
-27960
-16477
-29092
-107468
9948
-30087
-1361
-25305
-14937
-43897
-4243
-973
-36841
-21055
-13632
-107468
-11806
-26689
-37366
-20406
-21055
-36841
-973
-13632
-107468
-11806
-37366
12765
-15838
-45772
-60747
-711
-30969
4712
-7244
7309
-36175
-60747
-6175
61
-25691
-36175
-95997
-14161
-45460
4815
954
-14907
-19352
-28499
-1819
3324
-6867
-15004
-30997
-35400
-21024
-45421
24849
-4069
3670
38837
33133
41804
83834
53434
4982
19069
-16247
9824
-15746
-41016
-45772
11227
-27515
-7116
-4604
27859
30984
12513
794
-115
-2030
-35102
-21354
-3878
-7125
-2030
-115
-21354
-10573
-607
-8207
-32294
-27515
-8993
-39812
-22559
-107468
-394
-15466
-12389
13969
9768
-5483
6
23631
20932
24717
43591
-11487
-15487
-41231
-25096
-25138
-107468
-25138
-14376
-16326
-42881
-107468
-34844
-31772
-5838
-407
19920
11474
9064
2870
46496
6352
-16624
5868
40898
53808
-42452
22566
12410
18302
48496
21730
7744
20889
-9319
-12741
-49308
1857
-25512
-8430
-42452
-28499
-685
-36175
-7244
-25691
-12389
13969
28627
-32103
-8077
-56408
-35096
-32103
4336
-9905
-5987
-20442
-7202
12437
-3395
-18775
-1988
-17258
3226
-1988
-18775
-17258
2540
32282
67656
-69577
-19768
-59705
-36544
-24030
-2166
-18805
-21973
-4
-3437
-21393
-36864
-34420
-8162
-9321
2354
-20037
-60408
-455
-41290
-12517
-25318
-35021
15541
-25877
-2909
7438
9038
75273
46496
-10818
-29324
25807
2965
31992
475
38788
-4247
-9260
-15142
-5823
16713
51029
12203
64592
4350
-21833
3929
4584
-5992
4111
32707
2088
10203
474
-10301
-17622
-49436
3760
-14242
-14247
-5954
-8430
-25512
-42452
-18852
28071
42622
23761
23380
6826
-14688
-17141
-1655
-27358
1897
-26700
-13273
-53913
-93452
-36544
-19665
-45772
-60747
-28499
-19463
3362
23774
-25279
19061
-16409
1150
38892
79183
66471
55558
28990
9844
-17141
-9613
-29864
21555
1474
-10957
-60747
-17141
-11715
-6256
-41492
-76801
-16667
-14936
-49308
-315
-4651
-4868
11268
31137
3103
-1973
-16247
53045
19069
15580
15763
6384
-69367
-12112
-22421
16032
-8168
4339
9824
19069
5023
11290
-13408
11680
-18628
-41651
-1096
8420
-14160
7603
-25682
13648
506
-8799
-4597
-13174
-2161
-12037
-60747
-28499
1736
4554
-14285
-20123
-60747
9728
-12771
15412
1726
2967
-5910
-10661
-32100
-11723
-17264
-8133
-32103
-31603
-23548
-32103
4272
-7839
14491
-3638
-31009
-36442
15528
-20123
36178
57753
-41128
-13632
-17065
-20084
-27656
-13632
1169
6536
11031
-2027
-25743
-26857
-31601
-33167
10157
29855
-80810
-6175
4861
11739
-23326
7380
-15879
-60747
-6789
6776
-4729
-1138
-26370
-50466
-70829
-83812
-107468
-47441
-10123
-13959
-19322
-11048
-32323
-5334
-30101
2468
-49794
-34036
-18059
-43903
-21171
-80810
-14192
-42452
40898
-25512
-8430
-44799
-28630
-11667
-60747
-7146
6352
-5283
-44799
-42452
-47349
-60747
6366
-28499
30898
43077
1390
2034
34407
63087
28235
-15939
-36481
-60747
4148
13410
53808
28943
22213
48781
26682
15541
42589
1736
16353
3907
-4029
-908
-6853
-10796
7090
38520
57655
-11221
-51514
-8783
-29281
45851
32626
25357
7675
2308
-21714
-18779
11680
-28567
12706
-131784
11343
23631
6
20932
24717
1745
43591
-1540
24312
19903
-9520
17406
25073
3951
-4612
28486
2760
15412
-12771
3929
2967
18399
14747
-11307
-3283
59732
15541
-107468
20612
15384
27405
5230
5173
1367
12028
-21446
-107468
-57650
-5911
15602
13905
-33864
-6700
-28528
-31201
-5533
-5188
32009
54049
97418
40044
6712
-7578
-8471
81790
-12679
-60571
-84058
-36442
-63702
-2457
15528
-20123
-43194
184
32987
3275
22566
-43770
12450
-12294
-84058
-60571
-36442
15528
-5848
-36876
-36442
-15484
11266
2054
-37653
-492
-23303
21134
-21783
-38005
24717
992
13422
13695
-6985
56183
28183
32413
55305
53411
28990
39134
46769
-22144
35743
3618
21003
48047
49351
54053
-11412
-18772
-33603
-8860
-10872
19637
-43693
-60747
-5334
152
-8961
-27650
-7202
22018
45347
-54333
-20748
-25817
8418
27427
48360
35499
-5927
53766
924
3186
19903
6141
23729
7285
30065
3866
-5621
-15688
-45675
-20831
-1819
-26064
14544
38855
113
5960
6446
-45777
-10220
-72967
-24054
-59633
-5798
9057
26417
25073
3951
-4211
9880
28486
13667
30984
27859
-569
44918
-9479
28814
-4419
6976
-12507
-5255
-32067
-18527
-22888
-5219
-7508
-42325
66597
3327
7383
-13874
15477
-1412
16401
1283
-2085
-9412
144
4815
-45460
954
-25571
22566
-17141
-3962
-14303
-3319
11835
25073
-693
17406
26417
13775
4855
24512
3951
-4211
-22962
28486
-32906
-15449
-1033
33783
1181
-15276
-41442
-133798
-10220
-31882
-14402
-41623
-10925
-23548
-58004
-39712
36839
73675
34531
15860
-9963
-29560
29992
-24813
18497
35514
29023
-20358
-24355
-24469
-5963
9759
26368
4054
-14455
4855
-21004
915
7347
55469
-14242
3416
-533
14469
1362
-8786
-34892
-37580
18123
45030
53808
-107468
-15476
-8815
-40489
-34171
-34457
-25096
-15490
-8800
3097
31935
43591
-7322
-13908
11830
7392
-20954
-37442
-5493
-26406
26682
30712
-16600
-64383
-27151
-63305
-10464
-24491
-20748
-14657
-6745
-36544
-59705
-53913
-45772
-96035
-20123
-2017
-20367
-18580
-43903
-2581
2512
7413
1434
15601
4513
-9479
28814
3578
27178
24849
21555
-2594
-14020
-46301
-455
-39002
23927
39974
26682
-24257
-18532
53860
68802
758
15953
-18532
-12344
-11134
-6876
13775
25073
13287
-2420
-15449
10991
33955
-5539
-25623
12304
26682
50830
53808
9053
36670
28943
22213
92598
48781
13410
-26406
39974
18296
7549
-24257
-1837
66387
35183
25222
5708
61914
20917
14425
82818
-16868
2965
10949
-941
-18532
45851
32626
-15462
22566
43436
42379
15541
53860
24228
26989
74552
-13231
8546
19425
41809
4772
42589
2294
41568
20466
41960
-20001
41086
67940
31232
49061
21149
47741
4374
29925
15798
4046
-34953
-7665
-10962
-680
-16244
1736
16353
-15761
3907
30579
16103
23738
65022
35894
37349
18204
-5412
4272
-83
424
-9106
12560
18296
26682
-24257
68802
-12344
1736
-6340
2025
-7434
5364
-7143
10153
-32357
-5011
-16013
27268
-31043
16364
-26869
-19489
1053
-18470
7298
-26430
-36872
-7009
-4543
5514
-28995
-49896
346
-33571
-17738
-23630
-15629
-31630
-2748
-17524
20612
-15476
113
5702
7728
-47229
-2485
-14357
17804
-1819
17405
28068
31675
49230
74
-35357
11117
1347
-68689
-16022
-45772
-1107
-32788
-49950
-62925
-25282
-19275
-7146
-56408
10351
46171
76040
15204
15238
30035
53808
50686
-60747
1736
-16458
-31947
-27205
-46
-4222
38126
5893
-22156
-72967
-45777
-20892
-54556
-14700
-70829
-50466
-5662
-4069
53045
-45421
19665
10324
-17347
16742
30286
10811
26849
-13174
392
13614
26479
8345
-19136
-42114
-25448
-107468
-14937
-5028
-25715
-17462
-2581
-38915
-68921
-44787
-15732
-34171
-40489
-37034
-16409
-5876
7549
26682
4046
26943
19797
35069
-5934
95667
18703
20870
32079
13192
12005
307
1432
-18495
20932
-24030
-14247
-10305
-19406
-48653
-107468
-14483
12902
40757
68641
4363
-5987
-2695
-8867
-60747
-28499
-1763
7793
-26430
-49896
-7856
-17117
-53124
-107468
19645
1861
892
-35879
15528
-20123
-79103
446
-17324
17345
5991
8792
-11025
-34104
-23302
-55537
-39003
-107468
-16726
-3207
1736
7972
18704
15541
-8470
3495
-17738
-33571
-60747
47612
61017
1125
12203
49608
66471
23362
-10696
-42826
-49308
-6371
-7578
-79079
-107468
12603
13513
21535
31675
49230
-8610
29592
38126
-4222
37731
11038
-24813
799
37008
27496
-3474
69366
-3739
-24257
39974
26682
18296
66383
-941
17804
41568
49061
31101
4374
16103
23738
18204
-5412
10391
-30613
-80810
-5279
-16013
-32357
10002
-26430
-13964
-25279
23774
19061
1150
-29941
-12172
-16425
15348
5601
-4030
-2729
13149
-12872
9419
5023
9824
19665
-4540
48081
40651
-20702
-37986
5775
-31601
-107468
-16973
-25759
-33107
-9113
-15588
-23525
1125
19425
20651
30013
40068
23580
-2069
10700
26245
3103
-1683
-4694
-41065
-713
-11560
-11789
-20297
-54333
-25448
45347
-20748
-27960
-23308
10963
-107468
-41145
-4514
-34678
-9113
-9774
-33603
-18772
13953
6912
3940
954
-19352
-2795
-28499
6265
6497
28833
5960
10354
51720
-14255
10296
3033
12437
-4353
-4846
-29064
-2868
-1528
5522
-39398
45103
87283
1390
70862
83071
-625
63223
15291
29737
6420
-15443
83071
-625
19903
11866
-4510
9820
5139
5897
-38112
1377
19992
10415
45394
17452
60774
-7982
1847
-18527
-32067
-29839
-22888
-11989
-20813
-18990
44564
15672
11806
28990
-44472
7794
63930
-9029
-41128
57753
-23722
-2795
-4958
-14641
-20101
-11723
-27254
4831
13757
23857
493
16582
29977
29179
54425
31768
64320
51123
16220
44348
18425
15030
-6433
-18264
-12438
34841
40672
493
-333
-17631
26267
25807
-29324
49615
-6175
4820
-7434
2025
-11723
-13752
5364
-8073
-14843
17804
76040
1656
5522
-1528
-1824
-39398
-2138
-651
-37259
-3958
11052
-15088
-28630
-42452
61914
-4974
-2998
7672
-37653
-28897
24342
-11265
1125
61017
-23525
41929
6135
-4368
19425
14556
-11763
-18189
-36843
-17204
-17155
-16328
-38089
-64482
-28499
-20664
21514
26451
1390
6420
-625
-18409
-15504
63223
5147
7758
60073
5889
-25437
-18059
8854
23794
-2877
-10444
-5170
-13555
-18523
-5179
-35840
-1316
-23689
-21171
-48549
10420
12475
20932
36027
34235
8928
-12378
21685
4856
7045
18244
51442
37311
19921
31268
19900
-9443
20370
26765
-15443
-12097
14150
18992
52213
-11723
25479
34235
-597
2172
-15151
-36442
-26044
15528
-20123
-32750
-52898
-35890
-14683
-52551
-28051
8629
-5748
-9168
-34844
-7074
-16817
2335
11641
3124
13845
-3673
-23643
-33763
34912
-25623
-13063
18240
66383
55171
-24257
93267
94520
1253
-7123
-6679
-30170
5807
10592
19986
31675
28068
13513
-8610
13015
5629
31177
-15330
-6679
-7123
76040
5807
16103
39154
63447
72971
29079
1697
21002
34235
-7880
-44332
-33530
3176
-27775
20990
14745
-3857
-12170
-29839
-18527
3371
-2817
3275
-25
21555
24849
-29864
27178
-8610
-15120
44564
-7944
10796
41262
3670
-26927
13192
4085
31992
11418
-3630
28934
-13408
-15001
97989
12706
-1995
37
61914
-60747
-3818
-1837
26682
15541
-10123
-6175
-35038
-7306
-24054
-45777
12347
27496
37008
7422
-14688
6826
-17141
1176
-45044
-14081
-2122
-2022
-59516
-32074
15592
49230
21535
28068
13513
-8610
33309
1892
3395
45085
49615
14427
-4314
-33781
23131
66387
53808
26682
5708
31232
67070
4374
45847
-680
-2907
-39580
59732
-5946
4966
-14255
51720
10296
-18757
11038
12639
12166
3760
31440
5082
-49436
-18142
10502
-6015
24982
67
-12087
61871
-8077
657
-44703
-30105
-7656
-24755
-1774
-19910
-3734
5415
33446
-1336
41670
-5395
-30785
2257
5893
2083
26681
45085
24717
-2351
610
23584
52023
34027
-9412
12787
-4489
-15302
-14017
-11723
-16509
6706
45085
3395
26681
30787
19665
47210
64585
19487
42929
25226
-4612
73452
8563
-6637
6712
32743
17653
30431
75267
-3778
40572
19665
20573
7563
7563
7932
27938
21921
20573
26479
33133
44718
19225
7932
-11646
-16221
-455
-83071
12577
55860
12203
-3912
-1659
26209
77909
28296
-1321
12203
55651
23032
51029
61017
55860
-12523
123563
26780
39153
-16473
67555
18496
-14242
-49436
7347
34386
10940
3416
43054
26685
-22189
-1549
-25790
20942
-31201
-5533
-41065
-9224
-19956
4035
-4047
-1270
-49778
-10039
-1136
4432
16276
1637
8166
-18442
-9181
-564
-10108
-37653
14173
-10561
8618
15382
20990
14745
-3857
6860
1719
-945
48360
-2069
-5927
53766
-333
-8491
-53825
-63261
1377
-20397
-6928
-11307
-20850
-17631
28649
25601
123563
75996
93775
10632
35183
37311
26682
13401
17804
9960
18339
-50979
-7143
-34446
-3117
-12523
-37653
12203
-16868
22566
19903
-1001
-23684
-17347
1391
31239
28854
-10755
-4196
-52638
-18990
-47745
1595
4403
68641
38752
-8610
19921
-888
6900
12097
30554
34832
-5823
3231
-31158
-67189
-16633
-22569
-2122
32058
64592
85132
51029
110535
72262
46135
77314
-2736
430
53808
48781
17804
5807
17326
15688
-28499
-4694
539
-2089
18946
49615
-8168
-16515
-17689
-10959
3005
-842
36989
58270
-5188
-41065
-18986
-28051
-52551
-19695
-9822
-2839
-2667
-3474
37008
-6010
-30247
-17141
2833
-28411
-34639
-23308
2715
-107468
-25326
23947
18525
36153
13287
-60747
20324
20805
58694
67249
2673
4684
21416
20579
-20595
2833
-18852
-5967
15776
-6123
66471
55558
9053
9844
-736
-27553
-5987
-23848
-58056
27365
48360
27427
-945
66793
35499
-7612
32562
-15504
-2247
-2747
3929
-21833
15412
-9994
18399
-964
4611
18098
1286
10828
22476
13368
25222
20759
26682
30374
22980
-28499
-1333
-6433
15030
-18264
-12438
18509
31950
74743
6712
-5902
22603
34287
31768
17982
-19690
-37343
-45772
-25096
-28643
-38112
-8800
-18689
-10742
-26743
-52236
-12924
-80810
4831
8817
-32100
-10661
13969
-8077
-80810
-4000
-52438
-8087
-29130
-95997
17772
30787
18778
45085
64585
-21809
4462
21897
50830
20917
8546
-5653
49061
16353
36063
-889
42424
16063
18245
-7982
22476
-5715
-14017
-15302
-27952
-70922
-62059
10522
5708
9053
26682
66387
10949
-27599
-20001
31232
22087
4374
4046
34585
30579
11508
4035
-19956
-17299
-19479
5660
-107468
6034
-56659
1335
36885
13037
-4612
-26927
1283
-20328
-43770
30431
2255
-6608
45327
75273
9038
-4499
25443
-14704
13932
-18757
28915
-17631
15283
-8045
-13907
-64482
-16328
38043
-18779
-5668
-9286
-84556
-671
-15204
6767
-29384
506
14983
18291
11474
3275
47511
-12198
-29929
8630
-6263
19665
24849
-4069
5023
45085
40572
5733
14233
38648
37601
43310
10111
-12082
-4614
-2416
-18507
-107468
-15490
-1318
4855
25073
-14455
29153
-4155
-32839
24070
43591
-44703
20656
62580
-43770
-58056
-19313
32071
93267
66383
82818
-5376
47221
74552
13401
49528
57234
42507
21149
28833
6328
3804
-5987
-9183
2870
-940
-5194
-36442
-39282
-31009
-60571
-84058
-36876
-15151
-63702
-27151
-15484
-2457
-9565
15528
-22467
-43194
-52898
-35890
-39778
-11024
14342
40373
14970
577
-35603
-11989
-20813
-9133
-16056
-26813
-5987
-4612
-1409
-2243
-9157
-34036
-80810
12193
20932
6
23631
24717
1745
43591
-3590
-11833
59732
5775
-5946
18895
74743
18778
31950
103221
24209
6712
11699
-4047
-19956
-49778
-15595
16276
-16322
-17299
562
1457
24209
26847
4257
-5963
-32775
-6608
-3435
-8843
-693
24512
-18849
-15449
12756
61914
53808
26682
-28630
37
-45772
-58759
-13231
17343
-12344
-28499
38788
1736
-25465
-69577
67656
-52
-15531
-45772
-4481
6674
31378
-12229
-18142
3760
-32816
-12398
-5255
-4987
17115
12785
-455
-107468
-16505
-5481
-8610
38752
13513
31675
21555
49230
4403
596
-12862
12097
18150
-6241
28183
10390
12706
-20396
-5566
-14104
59732
-32885
13698
-34844
16853
33309
21535
49230
1520
-15485
12448
7618
-11054
-31424
-31951
-4618
3102
44758
-5987
95667
-16473
16752
-21825
-10184
-95997
13008
-2553
-60747
-17767
-11893
-27356
-34844
-33781
134
-4729
6776
-22926
-42881
-40013
-2818
-18740
-29593
-6697
-4590
-19471
-34457
-5334
8240
5849
-25682
-13375
13648
37247
506
2422
-10661
-14918
1222
7066
3275
14745
-15276
37410
78176
34531
32512
15860
19903
38074
19800
29489
24770
67249
64320
51123
61341
30398
12987
20917
26682
21897
26989
17804
-1868
18780
-8783
18186
6832
19921
49789
51442
4403
6900
19900
36096
30554
34832
-2854
-32074
-59516
484
-2076
10796
-3862
-4979
14312
-45772
-60747
40
-16728
30065
-5376
27910
-27899
23072
-4083
-34036
-49794
-9157
-6253
-80810
2983
5303
6809
-4096
-11667
-42452
-16624
-8466
17115
-4987
-455
-107468
-16097
-1250
954
-45460
4815
3940
-19352
3940
-2795
3940
3324
25
14425
-37653
26682
30364
2654
-17116
1283
-7818
4243
17804
-680
-2749
15039
154
-4262
-9781
-53825
61698
-20994
-62302
-52707
41523
66793
48360
-7612
78571
1075
-5654
-12190
-28263
3171
-27636
-64562
-6548
-9163
41929
19425
-25643
-11763
13428
50686
53808
30035
27567
-60747
1736
-7129
-35021
-25318
-25877
-16505
11317
59732
-3283
-39580
-11833
-14104
-25096
-39759
-18408
-61355
-5946
20612
-29478
-19118
6745
-11750
16032
-28499
-16877
-34457
-63292
-40489
-19471
23252
-16381
-25877
17956
-7049
-26271
-25534
-32024
-80810
-13836
-45089
-18779
-11748
6933
-19665
-53913
-19463
-9286
20267
-25571
-7481
-8151
-49120
-5539
42076
-131784
32849
82818
26682
93267
8062
4684
72147
-4155
-32839
24070
43591
-44703
-7432
-42868
-25812
28038
24070
-32839
-32839
20932
-80810
-32839
3214
-18059
-49794
-25437
8854
-16114
-22293
23794
-12155
-10021
-10444
-2381
-35489
3733
-1571
7285
23729
33907
-20328
16756
5849
-22201
-15126
-48570
-53119
-16026
-33362
-46678
-26857
-107468
-34844
-19695
-15490
-9822
-2839
1504
-16868
-37653
26682
-12523
14745
17804
25401
-4121
-1270
-1623
-19956
6655
49079
3336
-20358
30241
35514
-5963
9759
-18597
-11025
8792
-49778
-1136
-34104
16276
10146
-20591
-28263
27616
79624
49789
474
5801
13807
-15276
12095
12207
56959
18974
34386
55469
-14242
3416
15601
4298
35221
106706
27739
53860
76040
861
-4278
19903
40559
2517
11833
-7551
35376
27805
-9714
-5823
120
-6698
-569
-3408
-15120
21555
9844
9502
22489
24383
8461
16207
-2679
-15008
-64562
-9605
-38483
15815
11474
19920
-407
18291
-13196
47511
2870
3340
2538
30005
-12862
-11696
-45772
-93452
-50596
-16022
-15838
-41016
-53913
-36544
-68689
-37343
61914
-15531
14312
-14568
-1107
-32788
-47349
12699
-11789
33370
-37413
-25282
-6702
-41250
11227
-40106
-43501
-19275
-11946
6366
-711
-23709
23072
-7116
-1864
-4162
-56988
-77321
5867
2446
-58056
-2865
-20758
-5621
11500
16582
493
23857
-4291
-15098
49412
-51661
-33069
22381
-19275
10248
1736
5218
31365
-27031
-27650
5733
2870
-19691
838
-25183
-37413
-9660
2512
-10184
-53552
-21825
4154
-8087
-57516
-36280
-1462
-18580
-20367
-14422
-52638
12811
2965
50830
-29324
26682
17804
30579
-17899
-22926
-46678
-4729
-1138
-4339
-107468
16560
-21855
-17991
25445
63087
53808
48936
34407
13037
77365
1868
56615
-1376
-330
6188
32918
59589
2736
-20320
-39003
-55537
-107468
1665
-28295
-5991
-5816
-9527
-33179
-68506
-46678
46035
-13823
-62626
-107468
-54528
-20664
-7074
5456
12052
10502
-6175
-2489
-37580
-34892
-9637
-7173
-29281
-8783
-51514
-2118
-20595
20579
-25986
-9660
63097
97418
54049
73452
6712
48081
-2561
-21696
-35241
-24858
-14106
-54633
-14561
-49778
-1623
-19956
-4047
-11025
-1136
16276
-8646
-10733
-7982
-19916
-16715
-70783
-10538
-1816
5897
5139
-107468
-28138
-35067
14101
10940
-14242
-14247
28780
28184
11529
31136
-455
154
-3326
23947
-31220
-42881
-16326
-4729
-1138
-5162
6768
22566
-950
23252
-34457
-9653
-22124
-45632
8422
-4122
-24897
-68579
-60747
-36642
-9820
-2594
27178
3866
-961
-9640
-29949
5768
-4688
9655
-9030
-14568
-45772
-28256
6039
-569
30984
10130
11534
8018
-15940
22087
-9479
-5630
-33690
-20987
7243
-18523
-13555
-28928
-3035
-20350
-9875
26426
-11133
-49293
-9453
-1386
-7551
11833
-5823
6864
8062
82818
18640
20650
72147
-8788
-13196
19920
11474
3275
-5187
13401
7045
-392
-40483
27394
7563
64605
-107468
7563
-2069
-5927
-31751
16220
-28897
28269
105325
11458
20489
54425
30837
67249
58694
29489
64320
64605
61341
13169
17518
19903
-2780
-16772
-1409
-44231
-8943
-16437
-27960
-16409
-32733
-17544
-13418
-34678
28833
12784
36422
53045
42929
33133
19225
48320
-5902
26849
1725
-6123
12823
15776
-221
-2817
-8074
21945
48770
12823
9167
10949
26682
5708
30579
-3392
-941
26682
-24257
-5412
98
5775
-37986
-11833
-45384
-15265
-47449
-4066
-22049
113
-2927
-9928
-17738
-28045
-1947
-23184
-18990
15758
15348
-30277
-16425
5601
4856
13961
92598
17804
39003
49608
77804
61017
58097
11828
75996
22932
42379
6522
22576
-20328
17982
27463
24209
22
40044
5135
1590
-28809
-14424
20797
8461
24383
16207
-4693
-5395
-60747
20482
20932
1432
12475
24070
26685
-14247
13972
24512
25073
-8843
28934
-43770
-1428
-888
4403
-13488
-5823
16027
47210
45085
-4507
-25517
-12025
-25213
-30241
-21233
-20831
-45675
-7635
83165
123563
12203
25601
22566
42076
-13718
-23722
-41128
-1857
4656
-3404
16032
-28499
21989
27221
16032
12139
10376
474
-14554
38318
72971
63447
75142
2736
7251
25713
13519
-969
-20101
-14641
-11723
24513
13518
43746
14986
29620
30554
-10988
-59445
-1409
-23007
-38386
-28499
-5978
-28383
22566
13807
-1965
20884
58640
12749
-25486
-73502
7986
-107468
394
30364
14425
-10338
-23902
-107468
-17782
-10852
-25096
-41231
-40489
-37343
59732
-25138
-1409
-107468
-3207
-25138
20612
-38112
-47441
154
-8800
-18689
-6315
-14704
25443
-18757
9897
-21216
-455
10257
-31605
-107468
-47441
980
-23630
-33571
-6292
-15719
-6175
-3734
-1008
-23009
-42945
3072
4363
68641
40757
42552
-15370
9395
-3527
9529
22159
-2170
-10085
-30170
-7123
-22072
22049
40109
5807
10592
7860
38788
28946
-9920
-25571
24849
4815
20267
-7481
-13200
-57326
-73518
-78959
56
3416
55469
7347
-14242
34386
-11101
763
-13933
-60747
1736
1867
-3680
-16666
-12939
21514
29895
23032
82062
60073
25706
-5992
3362
27489
-33921
26467
17817
-6090
-15389
17115
13523
-21010
30838
52216
92092
-16470
24342
9044
41929
1125
-9163
-4042
28330
19425
14556
32125
-11763
11866
10502
3760
12052
-244
1409
-13874
28990
-22144
28780
3618
2228
13188
42552
-2173
-9874
-58759
-107468
-35924
-2122
2871
3892
30398
64982
4341
-14441
-67189
34477
-35924
-14081
-5485
3275
32987
-2817
18291
7066
-13196
32615
3589
21134
32125
-4758
16945
-5450
-7202
12005
7559
5177
-19094
-10792
-53051
-50596
493
-26858
8139
-10598
4831
-21343
-51661
-15098
-80810
-19275
-9854
-4490
-6864
16032
14622
20573
40572
21921
-5539
-13063
-1996
-10964
-18532
39974
15953
26682
17804
-80810
3614
6420
29737
26451
19903
-11449
-6300
5831
-9134
4363
6802
-31427
-24349
-7909
-27425
-19989
-35351
-58
-84556
1795
3338
-47921
-58056
7107
-7359
-3912
55860
30005
38018
5733
-15738
14342
48496
18302
28915
12639
-7198
-10504
-10627
-21049
-6141
-5187
-13196
-2563
26209
-16624
17202
3260
-12025
-25517
-48487
-51210
-60747
-9660
-5138
4856
21685
2733
31498
3603
-2801
30554
29174
-1525
-20748
45347
-24491
-54333
-34678
-14657
1660
-11723
-20938
474
-10661
-14641
-7434
14150
-15302
-20101
32372
-6015
1185
-21735
-597
27641
-27254
10002
-36304
10592
-71687
2439
-36091
-10540
-3738
5364
4831
33650
-27087
-11900
2833
5160
13015
68641
31675
29735
31078
-6985
36772
56183
5629
31177
14001
19243
17
36823
82062
29895
60073
39219
82538
27463
25535
34921
40678
25706
11834
29735
68641
13015
31078
-6985
36772
56183
28258
5629
14001
19243
16289
44564
24849
21555
55536
85332
16756
826
97989
-146
-33763
-73518
-23643
-78959
-25623
-31283
34800
60073
7758
29895
82062
39219
82538
27463
25535
12301
-23948
25192
-24858
-37031
34135
56108
-1985
9793
-4171
7986
-7362
6382
32850
19425
20651
14556
32
-14907
24849
-45460
-19352
-8187
-7481
-28499
-4056
-26857
-25743
-33362
-31601
-107468
-5537
-19352
-45460
3940
954
-14907
3940
-28499
3940
3324
4493
-14402
-133798
-37047
-24776
4139
15860
32512
73675
78176
20650
-20121
-42325
-7508
-25817
-22429
-455
-107468
3102
-2989
-30087
-470
20232
17202
12578
66597
-7508
5728
-15276
1998
3583
19903
14917
31078
13015
29735
24004
7656
19243
-3282
-1413
-12466
28833
5960
-7464
16292
55536
17982
2820
-4958
-107468
19425
-11763
7008
18174
-20043
16220
-15738
15354
24717
6
23631
-38005
26681
20932
42929
45250
1745
43591
4950
-11487
-7299
-31555
-30553
-107468
30856
-17996
-12994
-18619
-107468
645
-39002
33282
32372
-11723
58270
-7952
-16381
-34457
-21222
-28643
17956
-18895
-17067
4142
2067
35743
36777
-13934
-44790
-27599
-17991
25196
42552
4363
13188
5262
-11375
10996
18915
-107468
-41145
-48654
-13259
-28928
-18523
-5179
-35840
-1048
-1107
-68689
-45772
-32788
-25282
-7146
9905
41063
18992
19637
-60747
24406
-4688
-17071
-6238
-29478
-55140
5271
6835
-25623
-14471
-35833
-5334
11052
-2678
-8821
53045
-8783
-78959
40712
2829
181
6299
2382
19175
15541
95667
-2254
-12190
-5654
-1319
-12389
-15466
-36175
-49246
151
-26044
-15151
15528
-20123
14687
27489
3362
-1323
-17330
-33921
13807
-21249
2870
2915
3237
-33921
3362
-17330
13807
-21249
14811
2870
2915
-43770
730
6375
10459
-3767
-17264
-10661
-17188
8402
5230
27405
-557
10130
-569
8018
10600
-50512
-20053
-1843
-197
-33599
-60747
930
-4260
-52638
155
-23821
-9506
12347
26479
53045
13614
21921
-12560
-87174
-43402
-54633
-37031
-30105
-43402
28923
42238
-22144
58270
-451
13969
-15466
-36175
-32100
9768
-80810
15682
28627
-36175
-6175
-3734
-2980
-8133
-10661
-7880
5794
-28499
900
14394
31784
30398
53766
64982
44335
16259
-6015
3760
-11723
24982
-597
950
4424
-33069
-15098
-1281
-80810
572
18915
10996
-25817
-31605
-107468
-18592
-38744
-53825
-26757
-107468
-16231
-8800
5940
16332
38080
-24916
4811
-14605
-8523
-60462
-43072
-13197
-26757
-38744
319
-17884
1377
47136
92092
52216
72770
-16470
-2170
10135
70661
106706
-2948
8064
12448
-15485
-14885
16362
-4296
-2948
-116
-13874
7383
1409
28990
12793
12868
8629
-52551
-9168
39123
58097
49608
26053
75142
28040
5483
11534
-569
-15940
15204
15601
9641
30065
23729
-16728
9844
-22382
-5621
16626
52347
6925
-4727
-12573
-51617
-20987
-6825
-63702
-60571
-36442
-2457
15528
-20123
4672
17345
-17324
-20053
658
11009
8018
53860
-25178
15601
5488
16149
53045
24849
3670
-47921
52785
48081
22441
64585
18778
45085
30787
27689
17653
-44534
-21809
-15637
-13632
-36841
-973
-21055
57753
-27656
-26689
-37366
-1857
-8173
-7944
21555
-21004
-18752
-27960
-25448
-54333
-16437
-107468
-41145
-6904
319
-26757
-17884
-253
11031
6536
7229
26467
3362
-43770
-10084
-52236
-26743
-455
-107468
-15490
11715
-6409
-51533
-3746
-19309
-39826
-15490
3532
13037
36885
63087
77365
15119
9549
10811
30286
25226
-35357
-21004
-471
-10039
-19956
-14605
16276
18120
-17195
-31517
5215
11828
49608
2870
-14885
-3656
-1985
153215
56108
9793
-107468
55568
23000
-7362
13565
14838
10557
-13813
-49308
-12741
-14936
-42826
-7695
-28256
-31342
-36337
-9982
19540
-186
58640
75874
20884
61698
7633
1888
-29842
-23836
-48570
-10250
-80810
-16262
-58759
61914
-9874
-5987
-4612
-23303
42589
3907
-31272
17342
30552
6531
11038
10170
456
3951
17406
26417
25073
-12265
-4612
28486
-181
18245
42424
-19656
17
34909
50586
64982
56615
-6241
-21418
24849
-6175
-4442
-30997
1117
-37653
-15004
21495
13753
-5376
93267
-16728
2024
7254
5304
35499
27427
48360
53766
-1206
-32788
-68689
-45772
-1107
-5701
-22888
-32067
-18527
-20813
-3053
-3435
31239
30249
-22778
-83812
-50466
-21222
-18849
12439
8854
-25437
-18059
-18989
-10444
3251
-5450
16945
-7202
-3531
-10972
10796
24849
21555
-26927
48081
1535
20533
22980
-21816
-79791
-455
-107468
645
32490
66471
79183
61017
15776
55558
75996
9053
40044
-3867
-51617
-12573
-30969
671
-2
3647
11038
37294
55558
79183
15776
66471
9053
6342
-3228
-28873
12706
6902
-16192
-27599
5708
-44790
20933
-32332
-5682
-728
23497
-11811
13192
-19695
17024
18142
68641
3718
14721
67599
901
1185
31440
-11723
12286
24982
31440
3760
-6015
-597
950
18317
68012
52213
25479
42995
5450
-4041
4457
-15512
-43076
-39282
-30467
-6221
-45384
5775
-15265
-47449
4279
-15304
-2927
-9928
-17738
-28045
-9189
-12265
3951
12804
-4211
17929
16573
-50170
2255
-12696
-16425
-47349
-44799
-45772
-68774
-60747
6366
-5323
-16114
-18059
8596
5151
-10720
-15265
5775
-45384
-47449
-7397
-16973
9331
12294
5319
15528
-20123
-5600
19637
-10872
41063
-107468
-43693
20324
13175
-15530
-75191
-60747
8096
27268
-32357
-63044
-36062
-36872
-49896
-347
61698
-53825
-9781
58640
-107468
7633
-47771
-10350
-60803
-27151
-63305
-2457
15528
-20123
-12228
13501
19487
45085
42929
190
11590
36027
12475
5794
-6872
4138
22566
-5987
-3525
-15649
-26911
-32332
7441
27163
-107468
1624
-1138
6776
-22926
-42881
-40013
19794
-20862
53411
8398
20420
42929
45085
36422
24717
19487
25226
-5902
4513
-2974
-35241
-21696
-27395
2783
45851
-51514
26682
32626
17804
76040
1895
-5991
-28295
-5816
-227
-14093
-17884
-26757
319
-35122
-3746
-3194
39246
48905
55536
103221
5107
27394
-40483
-17785
-487
3449
-31043
-32357
-49896
5778
8018
-569
10130
11009
10131
43054
15601
-8647
-3035
-18523
34305
-35840
5526
-1659
-27878
55860
5830
26209
77909
-13312
-6010
-3474
19373
43233
-2642
17050
40712
-9904
8563
16032
44718
12557
1881
-11212
-58020
16681
2539
8416
-6423
-96035
-36544
-23852
7954
-28499
-3313
-20987
-33690
-12573
-941
3603
31498
-7982
-2801
-43887
4950
30554
-13471
-13645
-30553
-107468
-27474
6342
14173
-10108
-47126
-792
27717
64320
31768
29179
29489
67249
55755
61341
44348
-14375
6135
1125
7986
19425
20651
2458
-22293
-18059
-10444
-35489
-799
6702
-27650
27380
-5905
6299
181
-5987
-399
-18442
8166
893
32626
92598
-51514
26682
45851
17804
23738
-10167
10131
55469
8018
43054
-36
-20053
-8756
-30114
-3734
-6595
-17065
57753
-3194
-63044
-5011
27268
-15715
-14122
-41873
113
-7785
-48150
1489
-36999
-19083
-14818
-5434
-14427
-1375
-34281
-16430
-20123
-15672
-8695
-15725
-107468
-8832
-49950
-68689
-6475
12605
42225
2870
-9741
-2444
-1451
-6335
-2948
30740
-9683
-25986
-20595
2408
-15940
-569
11534
15601
-356
-16255
3225
4765
-19743
-8502
-3088
-61409
-29280
-32534
-27048
-7469
-17462
-25715
-6784
-68921
-14007
-53542
-107468
-11217
1231
-18264
15030
-6433
-12438
-10577
-32929
-14681
3191
-14424
-28809
-11225
-40013
-4729
-1138
-39759
2046
-25704
474
-14554
36372
75996
25601
49608
66471
22566
10248
-16373
-21446
12028
-22559
-5911
-7397
-6697
-9117
-58
47221
49528
-5682
10502
-9637
-37580
-19179
-8087
2273
41779
20388
8430
20944
40310
745
14007
-14866
-1978
-16762
-43986
-54633
18283
44820
26746
-7808
-34195
23072
11364
21070
15541
-8470
37584
-16624
11321
-5835
-41065
8600
2973
-9506
-23821
-8961
-22072
-30170
43746
5807
10592
-7453
-32816
-18142
2138
7563
6809
40572
-40483
-14684
-37034
-34171
-107468
-13122
-32775
-5963
23947
4076
-7869
-18508
-33901
46563
4615
13519
25713
-4740
-11416
9064
-407
5829
2870
13774
13932
25443
-64190
-11962
-12466
-1413
-31601
-107468
-17544
-13418
-6496
28833
22343
-11560
-15462
26682
15541
4046
2950
16930
-10647
-10501
-33599
-197
1861
4876
-11377
-43072
-60462
-634
900
-5627
-6172
-37763
-21735
-27730
-50979
-8077
-53119
-2015
-80810
21544
28990
-960
-6547
79183
55305
11806
1409
-13874
39134
-6012
17238
-31424
36777
58270
15204
1781
-420
-1544
-44472
7794
-2959
-6985
13422
13015
29735
-19656
56183
7656
-10367
-19656
18245
-6985
34027
14001
10583
41262
21555
3406
-14990
-39266
2330
12699
-45772
-26555
-28499
-6655
-4042
41929
19425
-25643
14556
-11763
-14081
-23308
-22721
-54333
-34639
-107468
-20664
61485
65727
24770
35667
-14061
-40402
-41623
-39712
-1227
-36864
-4223
22566
-3083
40898
32987
4815
26682
-12523
6768
123563
-28383
4138
75996
15541
22362
-2795
21495
36698
25021
-100
-19337
-15899
8835
19961
31378
4127
-10643
-42106
-55057
2002
-11924
2558
-9703
-44802
-42106
-107468
4271
12785
-4987
-37047
-6775
24352
-11878
-24153
2022
27739
106706
35221
8546
17804
14549
17142
-48487
-51210
-2510
-4440
-19945
-9605
-39168
-14568
-38483
10629
8284
-3734
14678
18186
18780
6925
38898
-5871
-21222
-16381
-83812
-62925
-46518
-107468
132
-19909
-19877
3201
5430
-3880
9816
12804
-12265
-87
7179
-10561
-1281
93775
-21060
12841
16364
-32357
-10720
-20123
8313
-9106
424
33601
47511
18291
11474
8770
17817
3362
-15276
-13060
-15126
-22201
10648
-36304
-8168
846
23321
-26927
-16509
-4247
6772
10296
51720
-14255
-435
-18757
11038
-333
-2305
-17258
-18775
-1988
2540
-17215
-42106
-10643
-44802
-25817
-30553
-55057
-20664
-28565
-79079
-7578
-107468
-13776
-41623
-133798
-40402
-2581
-59633
1413
3554
10199
4087
173
-24858
25192
-21696
-23948
-54633
-37031
-6175
-5631
-11789
-11560
-45772
-18849
-57650
-7348
2842
-39842
-19715
-80810
-10554
-42121
1728
13233
36772
13015
29735
-6302
-7731
-32885
-14104
-31601
-34844
-33781
2
-8794
-5539
10190
-13063
-27158
19387
43436
26682
-5682
16565
20942
-25790
-41065
7061
9793
56108
-1985
16846
22049
-30170
40109
5807
10592
15798
-1896
-5987
-27031
-9905
40757
-27553
3804
-26813
44758
-58759
4138
6299
17863
14107
-30247
-7202
43178
-2795
6401
4085
-1001
16332
-22049
22109
5629
27689
11418
-50170
34305
21787
-3630
8345
-3857
28934
-15370
1736
7403
-9983
5794
-4501
-11101
3416
6925
-50512
-26858
4090
6668
-23238
16472
-12087
18450
45847
-10185
42196
-79
-64562
-43820
-27636
-15008
-9605
-38483
4310
35376
11833
-5816
-5823
12869
11066
-4629
3753
-26127
-44231
-9557
-32103
-36175
-10661
-49246
-27952
-70922
308
-3736
-8168
40942
51123
31768
29179
29489
78197
72262
-16470
28511
-9105
-623
-7588
-60747
-28499
-28624
2016
-10538
-70783
8143
60774
45394
-7982
-6827
-19083
-36999
-37047
-6175
-20253
5177
-4658
-58056
12838
22932
49608
-8292
-24257
-37653
-8201
13717
20933
-27599
-221
-43402
-50596
-87174
-54633
33217
56959
12207
-13391
-25138
-41231
-25096
7633
-877
5831
-6300
-9140
-41873
-53825
-14122
-14681
-32733
113
2930
-16231
-7687
-21010
11830
8936
-5748
-52551
-21855
-16817
1810
-39759
59732
-40013
-107468
-7074
6289
25226
45085
10811
42929
-11140
-36952
-455
-31605
-107468
-15490
-2369
-4339
-22926
38359
-107468
-23327
6034
-17991
-2023
-7982
17452
49789
45394
42424
-10733
3603
60774
19886
2568
-8995
-27213
-23238
-31339
-12862
43177
-11765
4367
36096
12097
20657
-43887
7656
-20648
1957
9790
-42247
-8168
-3961
-19094
5177
10371
42379
53808
26682
49608
45725
22087
8223
-4867
-5934
24291
2057
-9479
11416
8683
19886
-7982
10600
-20648
-12878
-10959
-17689
-1931
-30467
-43076
-54010
-5334
-1083
11211
4584
-21833
24611
-7739
30347
-27970
5675
-20850
-3248
-21540
4111
18085
43054
55469
-14242
8018
10131
-14247
15601
-6933
-54544
-60747
-11705
-11048
-19322
-32323
2683
-10720
16364
-12065
-54010
-44332
-53574
-49896
-10307
-23852
-96035
-44332
-24353
-35102
-115
-3878
-14363
-30705
-9854
1278
17495
-4211
-5238
13541
-3197
13257
5581
19903
-3065
10600
10130
26746
-20053
2610
-21735
-11723
-37763
27641
-80810
12456
23794
-25437
-18059
-10021
12516
-2877
-25437
-10444
-2381
3977
25479
-10622
52213
14150
68012
34235
-5653
1173
1322
6608
17343
-25707
-22559
-46678
-39812
-21446
13698
-35122
-29130
-17991
28249
6925
52347
18186
-11101
5128
25357
-51514
-3699
-2563
-5187
15541
18640
-107468
72770
154
40310
4924
12928
-435
-18757
11038
12639
-4510
15541
-18068
-25318
13410
-3283
26682
18704
-1837
19175
21070
-15462
22566
-2563
-25877
-107468
22159
19425
95667
154
23000
113
21740
15798
4046
-34953
22980
2930
-7665
5601
-10962
-680
-17841
-62925
-68689
-21222
-29943
27621
1339
-8214
16332
2910
1282
-42881
-30241
-60747
2059
12883
-2820
-813
-4368
1125
19425
32125
-11763
8582
27805
11833
2337
15580
53045
-16247
5801
2870
-20757
-78959
-47488
-782
-57326
-33763
-8821
-31283
-32906
22186
24611
4584
-21540
3420
2346
-36
4513
-8145
-20892
-72967
-19916
-54556
-37259
-1825
-19627
-14422
-10653
-16585
616
-19691
6379
-58056
-8742
-25213
-25517
-30241
-39712
-1227
8247
-11946
53411
7794
7276
-4171
56108
31268
13305
31268
51442
-4171
27488
65022
-1081
-20350
-59128
-18523
-56988
-5179
-77321
-9875
-35840
5130
-19945
-4440
-9605
-38483
-4447
-14103
-21588
-1409
-27425
-753
-56988
-59128
-4162
-20350
-77321
-9875
-35840
23215
39134
53411
55305
28990
10521
36777
56545
-3932
-43903
-49794
-20367
-2581
-80810
-28499
-17900
-261
34235
12475
14150
21002
25479
-19136
-76
9053
15776
66471
55558
9844
-17141
18990
-16430
-34281
-26961
-29262
-27785
13745
-12065
-10720
-44332
-12994
17402
33370
-45772
-60747
3612
-11989
-18527
-35603
-17835
-20813
-9133
8296
-15595
-4047
-18528
4432
16276
-16322
-35495
-25817
-43923
-12326
45347
-42325
18915
-42106
-53419
-30553
-107468
-33883
-14834
-1109
8085
-37592
4392
7206
1840
20230
30005
2538
-3912
101652
16628
33907
7285
3311
-21588
-14103
-24349
-27425
-7135
-37413
-45772
-25183
-80810
-26312
-6991
-2769
-17204
-36843
3558
17675
28915
12639
-6947
5531
20859
52415
17863
13807
42076
12557
2848
-4171
8596
6802
1179
5151
-24366
-7733
-4740
13519
40497
55812
24770
35667
-13123
-30023
4665
-23402
-3401
9844
79183
15776
-15120
30065
9053
8648
-12696
7937
-25534
-26271
-32024
15049
23584
13695
610
-12862
18677
-3351
2568
49789
-7982
-5539
-15276
3893
8596
-16114
-4171
-15903
6802
-3819
-6919
-28568
10080
1179
5151
-3862
-9569
-24366
-4601
17863
-5987
52415
-2795
42076
-13174
-3844
-23836
-29842
-4612
-9904
30141
-80810
826
45822
110535
64592
-13386
-53419
-25817
-107468
-3563
-30241
-25517
-42881
-25213
-7746
-8995
-7982
12775
-2697
-1693
-11946
6912
3940
954
-19352
-2795
-28499
-5108
-22424
19903
40559
-4411
2083
-12155
-18059
-10021
-10444
-2381
-35489
3208
-7695
-49308
-9982
-7358
-4612
17406
45085
36885
-26813
-58759
3951
-23836
38785
9880
13807
56669
20650
30141
11680
15291
-15276
48233
28486
-8277
-44534
-25812
6518
-15629
-33571
29826
38785
-4612
56669
20650
48233
-14577
-48570
-22201
-29842
-47229
12473
-435
10296
12928
-18757
11038
-333
12639
-8045
-9831
-96
-53825
-20994
-8800
-5068
6661
38018
-3912
29404
44267
-9144
11038
-24813
-13967
-20800
4915
-12862
12097
12706
14050
30374
25222
-7561
-6012
28990
28351
-3766
22362
22566
190
-4504
-50512
10130
-11101
-12087
-15276
-10185
-20053
9620
36160
26989
17804
-18854
-22429
-42325
-455
-107468
48
25362
59811
95667
-47977
34314
10206
-5179
-13555
-28928
-20350
-9875
-31630
-35840
-49334
-7054
-28161
-31605
-11754
-18651
11715
-16949
-46518
-21222
-107468
-5334
-28499
-9209
-15332
38359
-8863
-42796
-21049
-13138
65
17050
43233
-25623
-15276
46957
34163
46769
55305
35743
-13077
-31601
-25743
-37986
-26857
-12466
-32885
-107468
-9351
-47349
-34844
-17463
-5911
-855
-26911
-15649
-47449
5931
40712
53045
-8783
-8821
43233
11273
17238
53411
28990
1781
-34104
4805
53860
106706
39974
26682
35221
11009
5262
37588
11632
-25178
-15728
-48487
-12025
17142
-9660
-8139
-597
31440
14150
-11723
-6015
24982
5364
-11729
-30044
-63292
5756
5173
27405
24291
-4577
-18291
13680
5520
-20923
-52610
-12924
752
-13375
-25682
5849
13648
-4786
-35962
-28499
-26834
4861
18640
8062
-2563
41350
78197
51123
75142
-5887
-455
-18619
-60408
-46301
-16221
-4987
17115
31136
-21216
-42325
-52236
-79791
-36952
-22429
-107468
-9351
-36952
-36952
-7254
-14949
-37665
-18651
-16505
-39002
-3500
3124
11641
13845
13122
-1409
-26813
-16772
-59445
-25096
-14103
-22342
-23077
-26056
11680
-8800
10914
13287
13775
36153
-3671
19061
23774
-25279
-16409
-20314
3670
24849
-45421
21555
16149
-16509
-58056
-1038
-3880
5430
-8800
-707
-27151
-64383
-36442
-60803
-20123
-12228
-5693
-63305
-64383
-60803
-20123
-12228
4048
24475
8648
-13408
19225
-79
10781
29079
63447
75142
11874
47221
93267
-58
49528
9178
18098
4611
-7357
-7612
48360
66793
32562
78571
11021
32562
48360
-7612
-15443
78571
-2069
-15504
43212
47900
34933
-14885
8020
-3319
-14303
4385
-3030
9151
-9653
-7520
-4821
-14683
-38927
-31110
1963
4076
5830
-1659
-21016
-12235
-21016
5830
-18214
-20994
-53825
-9781
-96
-107468
-8800
13946
34933
61078
47900
46569
3518
-12756
5794
-4614
2024
10540
27641
-11723
-21735
-28274
13941
24228
26682
-20001
24681
3033
51720
12437
10170
-5856
-4211
26417
25073
-12265
17495
7708
26746
44820
10600
8546
76040
21412
2882
-4585
475
38788
1599
-27213
-7982
-1680
-32332
-27599
-15649
-53124
-6238
-41112
-644
-10991
-21530
-43709
-24153
22215
-5855
-16633
-31158
-23529
-18657
23473
24621
-6685
24291
2057
-20053
-5579
25675
49615
25807
3395
18946
9880
-9904
27689
-15276
7028
24004
31078
36512
74
40977
24352
-9118
-27205
-31947
-107468
-33167
8061
-3839
-18757
12639
-2536
-18528
-15595
4432
16276
23537
2354
-9321
-9896
-21127
-23707
-107468
-37665
-1428
1112
21224
5259
-15484
-36876
-36442
1229
6883
-60747
-1213
-14422
-18580
-19627
-1096
-11554
-53124
-53825
-17117
-32332
19645
-644
-16114
3078
9880
26417
-4612
49615
-5334
-8703
13698
-14104
-22559
16560
-7074
-10965
-21171
-49794
-23689
5059
5801
79624
15580
-25623
40651
-2089
10648
-20938
-9771
-15126
-5452
7675
-51514
-12961
-51210
-12025
17142
-44332
-12994
-28995
20803
3225
-16255
13807
-10219
-32024
-26271
-25534
-2169
13807
79624
-28383
-17330
-33921
52415
-4612
3225
17146
17929
-21249
26046
16573
-2795
25206
17683
20232
8345
-15370
2915
-11909
-20383
-21962
25021
941
-15276
26849
-2922
-55715
-54556
-1227
31349
26053
58097
75142
28040
15119
42832
95885
55536
-9065
-21973
-18805
-3437
-36864
-19388
-47449
5775
-45384
-15265
-26911
-4066
4914
-107468
-21259
-47977
-8257
-11914
-15304
-2927
-19045
-9928
11774
-7739
4584
-27970
-918
-8074
-2817
-6238
-19916
-10733
-20892
-3960
7549
-1287
46080
90005
3316
36989
58270
-41065
-4982
-15903
8596
-3819
5151
-18785
7345
-32031
19007
12216
39219
82062
60073
25535
-8743
-16477
-25448
-107468
-9710
-8187
-14907
-19179
11070
5702
-22144
55305
1409
42238
36777
36989
-36474
1396
-26869
-32357
-60747
-49896
6027
-17835
-11989
-20813
-9133
10684
38359
-4339
-15332
-107468
29363
38043
-64482
16441
26989
26682
20917
36160
41086
30579
-344
6342
55558
-12123
-45251
-18053
4944
22381
-15098
20466
1736
-6176
-6912
19425
-28138
-35067
1599
-16409
23774
-34171
-16437
19061
-29941
9031
74552
62994
26682
93267
57234
17804
-1267
4279
-45384
-22464
16158
68802
39974
18296
-14058
-4066
5775
-47449
4914
18695
23761
42622
11038
6028
-9605
-43820
-15008
-4440
-64562
-19945
-33167
-14568
-38483
2917
-18757
-14255
25443
-14704
10296
12928
-435
-3839
11038
-4846
-333
-17631
12639
15283
-64190
-8045
7744
4382
13401
35183
93267
-13196
1805
-4540
5023
39767
-9963
-29560
29992
-24813
1970
428
-3734
-15303
-25877
-63292
-25318
-35021
-34457
15541
-2909
6337
27780
17653
-1147
-31201
-28528
-25790
-5533
-5439
-27254
-14641
-11723
4831
-8839
-492
2054
8648
19225
38390
64605
-40483
67249
-2069
4738
38837
-45421
-26032
-8168
48766
55536
44564
16292
48905
95885
103221
85332
17982
3866
15685
2894
-4468
-6175
-5362
-77321
-59128
-4162
-20350
-56988
-35840
6889
-19489
-32357
-36872
-4543
-49896
6857
6802
4363
-4171
8596
-6175
10080
1179
5151
-24366
7157
2308
-51514
17379
34912
-23643
-42764
25816
72262
64592
51123
28511
-6660
-20043
18174
-11318
-58201
5364
-7143
-34446
-11234
-2801
31498
3603
4950
29174
-17664
-63261
-8491
-41426
2347
2558
-11924
-107468
-66120
8085
-10950
7986
-73502
56108
6135
-690
19425
-25643
1861
48695
82
-690
7986
1861
48695
-7266
-30553
-31555
-13645
-42106
-25817
-107468
-27474
-11763
6919
32615
3275
12706
-8985
-14918
-10661
-7713
-12924
-46678
-26743
-52610
-107468
-3368
11527
24849
-26927
6061
48606
-4468
-20001
-1849
-1096
-41651
-14422
-28646
11040
17146
13807
17683
941
-19177
10257
-21216
-31605
-107468
1745
14107
-8783
-5987
-131784
-375
10002
-16013
-11723
3930
-22342
-1409
-21682
12280
26209
-27878
55860
-5187
-1659
40689
37584
-16509
77909
-10542
-25282
-68689
-45772
-1107
-9192
-25197
-39665
14436
-6702
-45772
-60747
-80810
5903
-2457
-60571
-36442
-63702
-60803
-20123
-43194
-35890
-39778
-11024
-7585
-41250
-33704
-45772
-30640
-32534
-20123
-27048
13991
-6302
36772
-3814
-37047
68641
-14402
12785
-19083
-29943
5458
49528
93267
-58
47221
-5123
2715
-34639
-107468
-11608
10963
-54333
-31605
16465
-2948
70661
-4296
-6335
9948
20447
-8678
4914
-47449
-4066
-8257
-19184
-26927
-47488
24849
21555
36885
10796
23321
11527
23321
6401
31992
17794
24209
17388
23321
23321
97989
12739
15811
12671
4271
2673
58694
55755
4684
30579
26929
55755
64320
2673
4684
8692
4684
58694
82818
2673
55755
72147
50236
103221
74743
48905
55536
8554
-30640
-29280
-41250
15000
-32534
-29280
-61409
-41250
-18053
-12476
-31605
-21216
18915
-36952
-28161
10257
10963
-36952
-36952
-54528
-18651
11715
16171
4615
10199
29067
4087
8356
-4
-18805
-6175
15316
30347
4584
-25
2869
-13987
-3687
-11648
-27425
10525
44699
-18965
38898
-10838
-45408
-60747
8212
32023
-3738
38898
-2450
-2581
-20367
-25715
-41623
-43903
-68921
-39712
1109
-6784
-17462
-68921
9499
6767
-15204
-29384
-10040
-1098
-29384
-15204
6767
8416
-3405
-36304
-9771
-11723
-15126
17103
36512
24004
2540
14721
-5388
1053
-32357
-37376
-80810
35699
73452
45085
97418
-5902
-9852
5728
66597
-43770
16207
16594
-16025
-49424
-20123
-44332
-60747
-39778
-49896
13404
22109
-16244
35894
-5412
19429
40109
5082
-30170
22049
6668
15798
-41070
-37031
-6175
-855
27567
53808
50686
-60747
1736
846
23321
-26927
-16509
-4247
-18966
-29092
-25448
-107468
-25305
-972
5319
12294
15528
-20123
-34380
-1593
17929
-12265
13807
-23099
12519
-27970
4584
-7739
-429
-23303
-37653
2054
-58759
-10561
-1281
-22962
-36248
-14520
-47921
-33704
3338
16149
-18377
-23460
-5997
1150
23774
-25279
-13080
-13231
53808
26682
61914
-12344
-5540
-10925
-133798
9067
-3537
-31603
-10661
-80810
-29943
-27160
2270
-25
71181
30347
-3248
-13987
2462
177
36777
2184
-27650
-27031
-8961
31365
6702
5698
1181
14811
36594
-9741
-44534
1326
-9183
3804
9315
6522
77804
49608
-4606
-15443
29737
26765
32562
44595
-6786
-23077
-1409
-11878
-2808
-45719
-18524
10363
55128
42076
22160
-52000
-107468
-73518
-43506
-43923
-46678
-38089
-12326
-53825
-36841
-31882
-18619
-25448
-973
-21055
-39812
-41231
-16326
-50466
-3283
12028
45030
-42114
-48653
-17117
-55537
-7578
-37986
-54333
-34639
5660
-18507
-4987
17115
-33362
-22926
-39003
-62626
5897
-40483
-73502
-23902
-25096
-21216
-9874
-26857
-42325
-4958
-31555
-12994
10996
18915
-38744
-27960
-52236
-1985
-79791
19637
61698
27163
-13645
-15725
-53542
-37034
-12466
-23308
-44802
-21222
-79079
-39759
-36952
-4339
-2563
15541
-25817
-53419
-22429
-46518
-31601
-455
-20994
-27205
-21127
-47449
-16477
38359
2558
-30553
-12924
10257
2715
-29092
-21259
-16726
9948
-36402
-33883
19425
3089
19645
-7024
-3207
-2989
10268
916
-30087
-41112
-27474
20651
5141
20324
-31956
-38112
-14747
-52185
8549
-9351
-47349
-644
4665
-1109
-36952
-36952
-47441
-15476
-29478
-55140
154
-45656
-41290
-634
-22049
-12622
-7254
20232
23000
-14949
-25643
-26689
-37665
-25326
-54528
113
17794
-34844
14556
-14392
-16114
-66120
-11754
8085
-11914
-29126
-25907
-1361
-25305
-14937
-38756
-34678
-6496
-19695
-18779
-37592
-33167
645
-37366
-3326
-15490
-18957
-48150
-3295
-20442
-9905
-7202
2870
-3531
12005
13891
61341
29489
67249
64320
35667
53766
35890
79382
13139
-8977
-18408
59732
-5946
-2928
5698
-27650
3337
2870
-1218
-9565
-36442
15528
-10794
-40051
-39282
-5773
-32816
36989
58270
-44585
-25098
30341
12437
51720
3033
11038
5349
8546
36670
26682
21897
27739
26746
2294
41960
31101
30579
-11134
1515
-6090
3362
37584
17202
6668
10521
39134
-6175
56545
-10167
-21249
-17330
-33921
13807
26046
2915
-11909
25082
12450
3052
-19777
-33144
-2133
3337
53060
5698
-5647
-18849
-8843
-83812
-11789
3451
3102
-42325
-1770
-8574
7103
-8498
-21714
-51514
8345
11117
-4575
-24790
22109
14721
17115
13523
-16624
-5029
-71346
-50448
-29949
-35443
8789
-23358
5675
4111
6272
5675
4584
-23358
4111
16040
38080
16332
4811
3639
-23548
-10661
-133798
-43709
-38483
-25812
-13555
-9168
-52551
8629
-6446
-21259
-47449
-107468
12789
-26858
-53051
-11101
28184
-5269
-10627
-10504
-21049
-26850
4338
46569
34933
26234
56183
13422
13015
29735
-6985
10390
14001
-6779
-16726
-55537
-107468
-48150
-12677
3647
-2
3103
9489
17820
34027
18737
34477
-67189
-14441
-35924
2999
-33144
-19777
8341
11290
24849
9824
-234
6148
43746
13518
-22072
-34523
31239
34067
6799
2081
13562
-34483
616
-19691
-22382
-58056
7107
8909
3718
18142
-18549
-61355
59732
-5946
5970
-34483
13562
-8214
3866
-8168
-58056
-1308
-27395
-35241
-8294
17828
35743
53411
55305
2067
46769
2667
-6828
13680
-18291
5829
14745
2915
36594
-3930
-30247
-3474
-5987
-55179
9640
6297
-4510
-14040
-32323
-19322
-11048
-32555
-5334
600
30740
-6335
-9479
-2088
17653
27780
39542
70862
87283
11866
-5927
57655
40310
16041
23580
40068
11866
-5927
18830
57655
-6127
-9904
43233
-23836
49615
30141
5719
-11865
618
4124
28330
41929
19425
-25643
14556
-11763
8838
15528
-31009
-60571
-84058
-35879
-15151
-36442
-26044
-63702
12294
-60803
5319
-9565
-20123
-22467
-32750
-43194
-79103
-12228
-52898
48268
83071
87283
29737
-625
44595
218
-625
87283
29737
26451
83071
63223
-2208
-5539
17452
-73518
-47488
49789
-782
33955
-49120
20573
-8794
2568
-42764
74
-35357
10190
-32328
-43986
43177
-11765
-748
-31424
-11054
28990
6668
8648
58270
-4618
-79
3574
-27000
-9771
-9646
-31951
-11054
-9914
-4618
4447
30394
616
-58056
-19313
-8542
616
-16585
13562
30394
-11909
-19691
6379
-58056
7479
6531
30552
-15224
-9714
11833
43591
14450
42658
-28274
-14501
22735
4090
-11101
-12087
-4057
-28643
-37343
-16381
-25907
-16276
-11811
23497
154
-34844
16560
-7245
-6685
24621
-24714
-36
2057
-20053
8334
-5579
3431
-24714
-6685
-36
8334
-9911
8422
-45632
-1109
-19678
-55057
-10643
-42106
-13162
-54010
-30467
-10720
-49896
-21652
5139
-14681
-32929
-41873
-8800
6548
-9181
8166
-28499
-5171
-49223
-25623
-13063
-15738
31833
33260
-9914
-1252
-33025
-20271
2266
-18540
-9867
9353
1897
-27358
-26700
-13626
-68774
-47349
-60747
14298
19903
-7656
24312
3186
29737
-12523
78176
-4278
17518
6420
3583
5581
-22424
-18409
-16853
55009
40559
-11878
25535
56610
5801
10279
25082
-4411
10027
2257
-30785
-23811
28032
36777
2067
28990
39134
-22144
177
1781
-420
3618
8270
9948
-25448
-2948
-107468
23362
-5774
-23007
-59445
-38386
-13211
-38386
-59445
-23007
3669
24948
-18377
16713
57234
62994
93267
74552
-6175
1736
-9304
-1191
3103
-7555
-54556
-72967
-20892
-55715
15102
-5992
-21833
4111
12356
6668
-11101
40109
-31424
-5131
-10686
-60747
-28499
768
-36076
-18495
20465
26780
12203
39153
-1522
-20500
-44231
-23222
-44231
-16772
-26127
-20500
-7186
-39168
-4440
17084
53497
30579
618
125
4385
-3319
9151
-9653
2888
-12969
-3248
11038
-616
-3819
8596
-15903
-12073
-6919
-2950
1283
16401
36885
-17116
-2085
30183
5520
-9412
-2535
-7202
-9905
-8961
16945
-5450
-5987
-20442
5829
12437
2870
-11838
-43067
-7880
-34953
-7792
-23327
-4339
-4528
3820
4915
-6241
-19518
-42764
-2642
34912
-5539
14366
45250
24717
21219
43591
2706
9151
-9653
-4821
43284
72770
92092
-2563
46135
-2069
77314
17202
-13168
-36402
-107468
5141
4981
1745
23631
20932
24717
43591
-11487
18544
11227
-41016
-45772
-27515
-7116
-946
9502
-15120
-13408
-1996
28184
-872
-5816
-28295
-5991
35376
13953
-9527
21537
13845
11641
3124
-3829
-26961
-16430
-20123
-29262
-27785
8984
22159
9529
15541
53766
-7222
-43693
-10872
19637
-60747
-5334
2355
-33883
-25817
-107468
-2213
-23238
-11101
-7982
61871
12775
28184
4003
5829
9064
13680
-7202
-43770
5520
-16457
19425
26682
-23525
1125
-9163
41929
32850
-4958
6135
-4042
15541
-4368
-6912
7986
-107468
28330
20651
-45656
-25643
14556
28833
32125
20580
-3229
1434
7413
15601
28814
8334
12992
18678
2870
-2836
-32733
-16437
-41873
-16114
14955
48517
-8214
-3857
52785
-234
-15856
-7880
21002
-8133
-43067
-23170
-12252
-19715
-39842
20803
41809
26682
23738
1867
9405
2869
30347
1493
3089
-107468
-15490
666
67
3760
-9079
8563
24849
45085
43233
2138
7563
6809
40572
-40483
-5072
-15899
-19337
7527
-6253
-34036
-6175
11885
21219
45250
42076
9151
-4821
-3718
19645
-17117
-53124
-107468
1861
29957
56669
-4612
38785
20650
48233
-7129
-8214
-2820
1339
-34483
48517
2910
-22382
7107
-15348
-43709
-21530
-23548
-6775
-29943
-3164
-6775
12785
-43709
-4614
-26312
11475
184
1074
-6722
29033
95667
59811
35069
44758
19175
15541
25362
27488
76040
-5653
18450
2930
65022
-9443
-20460
-47977
25362
-47449
9828
-10561
-37653
-10108
7179
-23303
-1281
-21060
-6370
-32555
-32323
-5334
11052
-5870
-2909
-25318
-25877
17487
24291
-4867
5173
24621
-9479
2787
10877
16472
-5741
-8470
18704
21070
48320
32256
-3157
17956
-34457
-16381
-35122
11375
18340
43591
1241
-284
12706
-6860
5965
-7024
-107468
-41426
-6329
-31339
49789
-7982
4609
-10021
-18059
23794
-12155
14503
16472
8891
-11101
10877
-36
9395
28184
20754
-3169
-14834
-67098
-25817
-29126
-15490
5869
43178
34574
-5987
-642
-3562
71181
-28568
-2553
3681
27910
-16728
44238
11320
52023
610
34027
18677
-2767
26046
13807
-21249
2870
-43770
57
16573
-12265
13807
-20328
-6637
30431
2255
-23099
-8231
13192
985
24849
32079
21555
23497
-12872
25082
-11763
-6320
-5946
-39580
-11833
59732
-18408
-61355
2103
8648
9844
24475
-492
-31424
-13408
19225
-79
-3345
-6175
-6547
53411
10521
1781
16276
-1866
-5533
-28528
-25790
-31201
657
8506
20194
71181
14747
-204
28915
25443
48496
17675
12639
2941
-36
10131
2346
-6685
-24714
16472
-2328
1181
68641
33783
-27650
27380
-15276
-2444
619
-3437
-18805
-21973
-36864
-34420
25725
39153
54425
12203
26780
23168
20650
-37653
8062
15860
-4612
38785
56669
27689
48233
708
-4731
2870
5183
596
-8610
-12862
12097
2481
1728
-42121
2210
-20123
-14285
-31009
-60571
-36544
-35879
-15151
-26044
-63702
12294
-60803
-34281
16364
-27151
-63305
-2457
-41250
-49424
5319
15528
-26961
-44332
-12994
-22467
-12228
-52898
-99814
-35890
-39778
-36062
-34380
47679
82538
82062
60073
27463
-2247
-3483
-50448
-71346
-8735
-4353
51720
11038
-17956
-3207
-55537
-25096
-107468
-10962
12749
-14726
13718
12749
23392
9768
-15466
13969
1535
36198
54425
105325
46082
1251
-2989
-42325
-107468
28833
-4824
4772
28943
26682
2608
27488
59811
31268
95667
31101
28235
11231
11866
29737
70862
23580
18830
1987
-15753
-12855
-28855
-9572
1209
23337
46135
64592
72770
77314
38359
3325
-227
-5991
-11148
-17544
-16437
-12466
28833
7633
-852
5794
-8133
36027
-9983
-12756
-28499
-15925
2024
-28528
15153
29992
-29560
-29560
11638
42507
45163
93267
17804
-3822
-19217
62994
17804
-2722
10268
-107468
-15490
-7495
-40293
-65353
8431
9841
31232
50102
536
916
-107468
-20664
-14193
-6238
-17071
-32332
20232
-31751
-15738
-14309
-31427
4363
-10250
-24349
-7909
-20019
-30087
-25448
-42325
-107468
-22049
-3645
-20850
-11307
4584
-41065
-7560
-7481
20267
-25571
-14907
22350
45725
42379
9663
42589
13410
26682
-58759
1861
-6150
-40106
-45772
-8294
1163
17343
61914
6608
-28499
-12885
-9994
3929
-4059
-37376
1053
-80810
-13177
-44332
21002
-10720
-23852
-12065
-51210
-49424
-20123
15691
11997
24342
44662
78571
53434
66793
-7612
32562
-2247
-1808
6900
68641
4403
19921
13464
30554
30067
-8186
-18470
-32357
-80810
7474
7501
-21769
-60853
-3308
-2795
3940
-41128
954
22566
-5987
17863
3940
13807
3940
42076
-7581
2294
26682
8546
4046
31713
2667
53411
35743
56545
-13391
-25138
-41231
-25096
7633
-2598
25206
13807
941
2116
10600
19886
20657
-20648
-22144
-62867
-31882
-16114
-12686
9265
950
-6015
24982
1357
-14609
-43959
22987
14811
-33921
-27650
2870
-15738
12450
2193
13648
7603
-25682
-14160
5849
-13375
-6407
-557
-7017
-23308
-59269
11011
-21286
-34214
-16505
3866
5893
-4222
-30785
-4375
-9875
-18523
-20350
-56988
-5179
-35840
-6896
-41112
-63292
-32332
-107468
-19045
-17067
-84556
-4296
-3197
13541
-13571
-46720
-29126
-3087
74
17452
68641
13867
28068
24004
-5539
12097
-34523
-43887
22225
-2986
-26555
12699
-21189
-27474
-21757
-13645
-30553
-107468
-18759
-53574
-10720
-49896
-21652
-9967
-41145
-54333
10996
-27960
-4634
-12994
-12065
-51210
-20123
5526
10796
-2076
10080
5151
-8245
-17540
-37855
7860
475
-16509
-5176
20612
-3283
-17524
59732
-25096
-28138
17582
-35067
9636
-12073
-3819
10080
-25162
-48654
10996
-14318
-18524
-45719
28280
15763
-16247
-69367
-6175
-11789
-17446
-27730
3777
14745
20990
-37653
-27775
15382
7066
-16868
13680
-3857
10058
1281
-470
-42325
16698
-12087
3760
-11101
-50512
4090
45847
3775
-18409
26451
19903
63223
7426
20651
-23525
32850
6135
-107468
19425
-11763
-1128
-28274
27641
42658
-7322
-4468
36670
2894
48606
-23099
-1806
17804
62994
9053
28943
37311
92598
48781
-14357
-24257
-14843
35183
430
20917
4243
-16868
2965
13961
-18532
45851
32626
27739
36160
74552
42507
-19217
24760
-321
19900
41086
67940
31232
22087
75257
49061
1861
67070
31101
21149
8251
47741
4374
27993
21740
17249
76040
53808
46171
-14843
-6679
35221
45851
26746
95667
-20001
67070
31101
21149
8251
15204
50102
29925
18450
-16543
6401
-5987
-26927
-22049
47
6384
-16247
-10943
-8257
-46678
-47449
4914
113
3141
-12862
-8783
68641
38752
-8610
2538
-7982
23584
-20800
596
5262
-28567
-13479
12097
20657
31177
18150
-6241
-30342
-80110
-34268
-30283
-14747
43425
85332
44564
55536
3866
14581
28258
29735
12867
-8261
-4514
-22721
-54333
-34678
-5464
-19136
34235
9964
-3248
71181
-9144
4584
-25
-12969
-29064
-10814
5262
42552
53860
-12862
15601
1067
-43501
-93452
-45772
-60747
-68187
-35524
-6582
-15389
3362
-43770
13412
55568
-1985
-4428
21730
18302
-20271
7744
4559
41568
59811
26682
-24257
-2011
-28256
-14568
-49308
-9982
-31124
-83071
-16221
5375
-40144
19007
37731
38126
2759
4085
21555
-5987
-3975
-1281
-33069
7179
-23303
-10561
-4625
5141
-107468
-36402
1690
1074
-1450
184
8416
-6722
-8646
21224
1112
34090
90426
474
25929
35667
24770
65727
55812
61341
10300
20466
26682
22381
1736
-2785
5733
19665
31365
-3912
8345
36594
38385
56545
-6547
53411
39134
10521
2667
4189
-10250
-29842
-31427
-54633
-6175
-4729
30141
20229
-782
-23836
-4612
-9904
24352
27689
-5334
826
-44534
12557
-23780
15231
41960
26682
8546
4046
12278
-12855
-15753
-28855
1209
880
10281
24849
48081
-3202
-30283
-34268
-80110
-1135
17683
13807
17146
941
6107
-1001
53808
-12523
-5987
-15370
-6089
-48420
-50596
4154
-20892
-43452
7594
-6919
8596
-3819
-18785
-30313
-52638
-4196
-18580
-4260
-18990
-3922
-27730
-37763
-17446
-60747
-6175
-2341
4154
-18495
-50596
22629
-10184
-48420
-20892
31280
33133
-45421
21921
36422
-10224
-12872
13149
13192
30040
61871
3760
-23238
13464
12775
-6255
-12344
37311
15953
18296
61914
-13231
-13457
-69367
-16247
15763
-26032
-22345
826
-234
6371
-21393
-18805
1969
7617
-1745
-1783
-17785
27394
2870
-487
10868
16332
-5987
1339
2910
2870
2279
2910
1339
-8214
16332
2870
-11909
3227
31992
24849
-29324
21555
-26927
-13408
6802
-31342
-49308
-66120
6084
-18053
-45251
-32534
-27048
-501
-4039
31177
13177
-8629
5807
-7123
-6679
430
-30170
-22072
22049
21540
28946
5035
-2351
10592
-7123
-30170
-11723
-22072
22049
31239
4831
28946
5035
-2053
10394
12437
-9905
-7202
-43770
5520
-11692
-31664
-47745
-63505
551
-13418
-16437
-12466
28833
8383
3570
18399
-23198
-57650
-26166
12028
-11789
-47441
-11248
-20271
-33025
21730
12639
-4510
-11806
-973
-21055
12229
-11308
-37653
21134
-3752
-12939
-16666
11423
43591
6
23631
31935
-32839
20932
-32839
24717
-9714
45250
1745
18340
4950
-11487
-27087
285
2706
34832
-32839
9151
8000
34027
610
-19656
17820
52023
12787
-6887
-14483
-48653
-4439
-2085
16401
1283
-9412
1658
2636
8549
-3339
-28568
8596
-3562
-28499
4720
13330
37247
5849
8416
-12566
-5653
21897
25479
95667
-3827
-16853
19903
-1042
-60747
-30491
-93452
-16022
-15838
-7244
-53913
-10957
-12037
-14285
-15879
-42452
-44799
-36481
-10872
30035
-8867
-17738
37
36153
-2553
14312
50686
-24897
-5395
-13933
-12025
41063
-197
-47349
-75191
-7588
-54544
-42881
33370
6883
-26869
-6702
-45408
-49424
27567
-68774
-10686
-43693
-43501
-27730
-34953
-55558
21787
-3127
-49604
-9355
-26056
-16244
-2420
7954
-8949
-82814
-50225
-8502
-17767
6366
-31630
-36642
-32539
-7146
-17141
-711
-10123
-5319
10248
-24349
-23709
-41675
-40873
20080
36989
3316
-842
90005
-22144
-32816
58270
-41065
44918
-16489
28780
20948
58270
3316
-842
32372
42238
28990
90005
-32816
-31424
36989
-22421
-41065
15477
-22345
-6402
44918
-16489
28780
-5264
-13752
-7434
-16509
-28499
-27952
-19202
-20001
26682
5708
24228
48606
76040
36063
-20084
-14960
-62302
-9781
-52707
33174
55009
19903
17170
20324
36153
19637
-107468
-2420
13175
24406
-13562
-31956
-107468
-25326
-54528
-28499
-20664
-13134
-38112
5139
-37343
-25096
-107468
-9822
-13636
-14747
-107468
-80110
-12622
-7254
-15490
-19186
-52185
-107468
154
16560
7919
8549
24849
-107468
2636
16220
-2905
-9351
-31601
-455
-107468
-41290
-25680
-47349
-5232
-31601
-107468
3516
-644
-32332
-53124
-107468
16560
-8985
4665
-30023
-107468
-7254
-23402
-2770
-1109
-25817
-107468
8422
-14657
-11140
-36952
-455
-31605
-107468
-15490
-11140
-36952
-455
-31605
-107468
-15490
-11045
-47441
-43434
-50466
-25096
-21216
-107468
-57650
-33167
-16505
-22126
-15476
45030
-17524
-107468
-23084
-29478
-53825
59732
-17071
-107468
-55140
-24592
-55140
-17071
-107468
-29478
-22569
-2122
-3476
154
-46678
15039
31136
-25096
-2563
15541
-107468
-11811
-52185
-14949
113
-16114
-31772
9991
-12686
-48150
-7179
-45656
-107468
19425
7633
-19624
-41290
-60408
-107468
-9351
-2536
-634
-43072
-107468
11233
900
-5627
-23784
-22049
5775
-5987
-107468
-30087
6401
-7022
-12622
-107468
-14747
-12588
-7254
-455
-107468
-14747
4665
-38756
5077
20232
24849
-42325
13807
-107468
-6238
12341
23000
-1985
15541
-107468
-7529
-14949
-455
-107468
154
-48150
-16864
-25643
-9163
-4042
7986
-107468
28330
19425
1861
48695
-13154
-26689
-973
-13632
-107468
-37366
-17365
-37665
-23707
-455
-21127
-107468
1840
-1172
-15000
-25326
-34639
-107468
-31956
-20664
-17782
-26504
-54528
-43923
-62626
-31605
-107468
-31956
-29126
-18957
4392
11715
-1749
113
38855
-17524
5775
-14122
-41873
15541
-107468
-8257
154
-10962
-22167
6034
-56659
-29593
-5482
17794
24849
-26927
-107468
-39099
-12733
-34844
-16326
-52551
-14104
-27356
-33362
-32885
-31601
-107468
-11811
-11914
-19695
-29130
46035
-9822
-2839
7587
14556
1125
41929
32850
-4042
-107468
28330
19425
32125
-11763
-8094
-14392
-107468
-15490
-8685
-16114
-53825
-53124
-107468
-32733
-62867
154
-12686
-21768
-66120
2558
-107468
-31342
-8051
-11754
-28161
-107468
-4992
8085
-25817
2558
-107468
-13065
-11914
-47449
-107468
-34844
16560
-12042
-29126
-107468
-14834
-46720
-54528
-15490
-18957
-14564
-25907
-53825
-107468
-28643
-12686
4032
-1361
-25448
-107468
-14937
-13661
-25305
-25448
-29092
-107468
-8881
-14937
-25448
-42114
-107468
-1361
-13413
-38756
-107468
-7254
-15490
-22315
-34678
-54333
-16437
-20748
-107468
-4514
-9113
-8759
-6496
-12466
-107468
5960
-11437
-19695
-28051
-33362
23497
-107468
-34844
-33781
-9373
-18779
-51514
-64482
-45089
-107468
-1886
-37592
-25817
-107468
-8743
-33167
-43820
-25743
-27205
-9605
-107468
-47441
-14568
-16540
645
-18619
-12994
-79791
-107468
-15135
-37366
-973
-21055
-13632
-107468
-26689
972
-3326
31136
-107468
-14579
-15490
-40489
-18507
-33362
-52236
-39826
-36952
-107468
3089
-14834
10268
-14747
-36952
-36952
-14392
-29126
-38756
-39002
-14519
-18957
-107468
-54528
-29126
6009
24760
17804
27993
-6340
-321
17804
2540
14970
2559
19900
53808
51442
19921
17804
8758
41086
26682
26989
17804
30579
9763
67940
26682
17804
31101
13899
31232
53808
26682
66387
5708
9841
17804
4374
1736
3942
22087
5708
-569
42379
17804
8251
45847
10663
75257
17804
777
49061
50830
26682
-24257
21897
17804
2867
1861
22213
-17117
-33599
7986
-690
19645
42589
17804
-25643
1736
3907
48695
21538
67070
37311
66387
17804
76040
-11134
15646
31101
-24257
8546
27488
17804
76040
67940
1867
8643
21149
53808
26682
93267
17804
76040
21540
-3127
8251
92598
17804
76040
22087
23532
47741
59811
26682
17804
38788
-9443
-2266
4374
26682
-24257
66387
5708
17804
31232
4046
190
10244
27993
17804
24760
571
21740
37311
15541
17804
1736
-5682
8919
15204
53808
46171
11534
28990
76040
-1419
50102
45163
9841
76040
8076
29925
53808
26682
76040
-80810
1736
-11134
14471
18450
-11101
95667
76040
15482
45847
53808
66387
-11101
-12087
22087
277
7860
50830
-30170
-37855
-7140
475
-29324
-4585
-37855
1736
4363
25401
-16868
12450
14097
-24916
16332
4742
4811
16332
38080
-14605
44340
-8324
-14605
16332
-10039
4811
44340
16849
16276
32140
44340
4811
-14605
-6142
-6065
15798
26682
22049
15541
40109
37349
-4122
4046
26682
7549
5708
-15462
15541
2294
41960
4374
-13182
-34953
26682
15541
-43067
-60747
-3306
22980
25222
20533
15541
-8074
2930
-41873
15541
95667
29174
5960
-2585
-7665
26682
15541
-4029
-3165
5601
-30277
-16425
15348
15541
-10590
-10962
26682
15541
-3207
113
5960
-5901
-680
53808
26682
66387
4243
15541
-10260
-50979
18339
-37763
-2015
2341
-8077
-36175
3760
-32100
-37763
-6175
-13287
-53119
-22201
-37763
-80810
188
-2015
-37763
-50979
-80810
-12699
-80810
-30491
-53552
29855
-49794
-30613
-26743
-32100
-9157
-34036
-26271
24070
-51661
-18532
13969
-33069
-29842
-37763
-39842
-21735
-43903
-37413
-23836
-6702
1053
-31603
-37376
-18470
29925
-53119
-2015
-68719
-4000
-14501
-52438
7298
-31517
-71687
2439
7474
-55558
-19275
-78285
-11946
-17141
-9718
-68719
-80810
-78285
6266
-4000
-32100
-80810
-28499
-6175
-8903
-1916
-14501
42658
-80810
1754
-52438
-32100
-80810
16122
7298
-32357
-80810
-49896
-17802
-31517
-17195
-80810
-9194
-71687
-11723
-80810
3273
2439
-11723
-80810
-7143
-34446
25269
7474
-18470
-80810
5514
-10027
-55558
-60747
-80810
10248
-6178
-19275
-68689
-45772
-15098
-51661
-80810
-13186
-78285
-80810
-68719
-1777
-11946
-45772
-1693
-80810
961
-2069
40068
-945
-40483
32562
64605
72770
-15504
-5927
384
-15504
26451
48360
32562
-2069
-1742
-5927
27427
-945
-40483
70862
23580
-2069
18830
40310
7683
18830
23580
11866
-5927
57655
20338
57655
38520
70862
23580
18830
2824
40310
20944
-2563
70862
-5927
53766
-18586
-35122
-17884
-22559
17956
1736
1916
-3746
-51533
-17884
-1034
-3194
-17884
-16828
-16231
-38744
-41873
1377
3011
1377
5139
-8491
-26757
-16231
-8800
4671
16681
-11212
-14330
8416
6338
2539
-58020
-11212
-492
2540
-1988
-17258
36512
-321
14370
40977
68641
24004
12706
22476
-209
24352
20229
12785
24004
30141
-10301
-4030
8309
22109
-5987
-24790
-15738
5672
5629
31675
13015
29735
-5987
31177
12384
27689
18778
64585
-5987
49615
20650
30141
32743
17653
-8277
-21809
1587
11418
21555
-5987
-11256
-50170
-12265
-5987
-12696
12556
34305
-3035
-5987
12775
21787
-5987
-60747
-32539
11052
-17760
-17945
-3630
24849
21555
-5987
-5326
8345
13614
-5987
13807
-21714
5733
11680
8630
-6070
-3857
20990
-27775
15382
-5987
48517
14745
2870
2637
28934
-693
21555
24512
-5987
-3007
-15370
-37653
4363
-5987
13807
-1001
12450
-5866
-3127
-60747
1736
-9318
-49604
-60747
-3874
-9355
-60747
-5628
-26056
-1409
-60747
-17811
-16244
26682
22109
-60747
1736
-5682
-2012
-2420
13775
-60747
20324
5425
7954
-96035
-60747
1261
-8949
-60747
-28499
-2626
-82814
-60747
766
-50225
-60747
8841
-8502
-68579
-19743
-60747
-26834
1728
-17767
-2553
-60747
1267
6366
-44799
-45772
-47349
-60747
1256
-31630
-33571
-5179
-60747
-9699
-36642
-24897
-60747
-319
-32539
-60747
21787
11052
5264
-7146
-42452
-68689
-1107
-60747
3394
-17141
6826
79183
-10957
4815
-14688
-3474
9053
-60747
-80810
-8168
-512
-711
-15838
-45772
-60747
-28499
3211
-10123
62994
-50466
-1837
-60747
11680
-5319
-60747
759
10248
-15098
75996
-60747
-55558
-28499
-3074
-24349
4363
-21588
-31427
-60747
-7909
-27425
3598
-23709
-45772
-60747
-28499
-3544
-41675
-60747
-28499
-16690
-40873
-60747
26833
6134
22576
62994
49608
46906
27
-20328
36885
7285
49608
16573
5350
17982
34287
49608
16292
55536
22913
27463
49608
82062
60073
82538
25535
12801
24209
24849
74743
1457
49608
-26927
15814
22
49608
10901
40044
32512
54049
49608
66471
5135
25535
240
5135
49608
40044
2434
-2619
4392
-25817
-54528
-8347
7206
-25817
1840
-6780
1840
-25817
-37665
7206
3960
657
3760
-5533
-21403
-41872
13464
-6475
-6175
-8680
-3734
-3360
-21403
657
-3734
1296
-41872
657
-6175
-3734
7890
13464
6900
61871
657
5516
-6475
-49950
657
2766
-5334
-19322
-10872
-19471
-35833
-30467
-46518
9880
-32323
-43693
-32555
30141
-6175
11052
-30101
-22664
-31751
-40483
-6238
4129
30398
29489
3892
31784
3892
2871
3892
30398
64982
-7371
16220
29179
-40483
18174
8549
-9156
-28897
7672
-40483
53766
13139
23803
4941
28269
-40483
-487
49164
105325
54425
-40483
36198
40559
50750
46082
20493
53766
27427
-945
31784
35499
61341
22159
40310
-28897
64982
35890
33273
64982
3892
31784
50586
3892
53766
79382
63223
44335
14408
35890
61341
53766
79382
-1585
-12112
-16247
2870
-8111
-22421
-16247
58270
16032
-5188
-13063
16212
16032
-2642
-16247
-11750
-3404
27221
-6864
43233
-22421
-9249
-13408
24849
9824
21555
24475
9502
8648
31992
-74
11680
9824
-51514
-4612
-1409
8345
-7143
16183
40689
106706
26209
12317
37584
21070
26209
-6090
17202
-5787
-16509
-15302
23321
3670
26209
23321
-37855
-13752
23321
23321
8579
23947
77909
-27878
55860
-1659
26209
27794
2870
19920
-27031
-407
3804
11474
31365
-17330
-33921
11828
42225
9064
15580
-20442
5698
-7202
18678
26046
-4731
14811
-17785
16332
2910
-3857
-12112
24975
27380
-23684
-940
2915
-5365
-16624
-1358
24975
2870
43695
2510
27380
6702
1181
2870
-13290
-23684
-12523
2870
37601
-771
-940
3804
2870
3658
2915
-17330
-33921
13807
-21249
13680
2870
10843
-5365
-27031
2870
-11765
-37249
30249
4457
-20275
-35357
28068
10811
-5539
8237
10190
-8794
-5539
-11035
-32328
-5539
-25623
-12987
-43986
-16762
-5539
-25623
25127
43177
-7982
-5539
601
-4748
-11765
-27031
-7982
-5539
-5365
4367
36096
31239
4767
-25623
-2642
33955
-23643
-33763
6835
17050
5801
-49223
-32328
-43986
-18377
-26032
15291
-5344
-18377
-47921
24948
-25623
-55179
18897
-6334
-26032
38837
-69367
-25623
-6175
12206
15291
-4612
-25623
7349
-22467
-36442
15528
-20123
-9965
-32750
-15151
15528
-52898
-3294
-43194
-60571
-36442
-2457
15528
-5786
-79103
-35879
15528
-8002
-12228
-60803
-27151
-63305
15528
-20123
-15202
-52898
-15151
-36442
15528
-20123
-32750
5584
-27899
-16728
5634
-1983
5634
-27899
-10223
-99814
-56855
-20123
7874
-35890
-15151
-36442
-2457
-20123
9201
-39778
-36442
-2457
-49424
-20123
-11024
3389
-36062
-5011
27268
-20123
1791
-34380
5319
-20123
-3987
-26430
-32357
7793
-16013
-36872
-7009
-49896
2148
-36872
-32357
27268
-19489
-26430
-7009
-4543
-5786
-7009
-32357
-26430
-36872
-49896
16175
-4543
-32357
-19489
-36872
-49896
-3726
5514
-32357
7474
-49896
-3179
-28995
-32357
-51210
-10480
-49896
-32357
7793
27268
-31043
-10720
-26869
-19489
-49424
-54010
-53574
7298
-26430
-7009
-4543
5514
-925
-14106
-21696
-54633
-7485
-49266
-7392
-54633
-21696
-87174
-16762
-24858
-43402
-10250
-14106
-7485
-43402
-49266
35993
77314
64592
72770
46135
13261
40559
-4278
-22424
19903
105325
75142
28040
-11878
25535
-4411
43053
75142
72971
58097
78197
29079
26053
40559
28040
2736
17506
28040
58097
26053
40559
75142
-2695
-11878
12785
-23077
19903
40559
-4614
8038
11074
25535
82062
60073
39219
19903
27463
40044
40559
19209
44348
54425
31768
29179
64320
79722
32545
79382
61341
64982
35890
13139
-15236
-16470
52216
92092
51123
27982
28511
51123
72262
-9105
-5801
-9105
51123
28511
1252
-5188
-28528
-842
-22421
13241
-41065
-1676
13241
71181
-5188
-10104
-41065
474
-4694
-25790
-842
-5835
20942
90005
-20850
36989
58270
-5188
-16489
2302
15477
7383
58270
-1796
-22345
-69367
58270
-6175
18284
-6402
58270
12793
28780
33117
44918
30984
36989
58270
-1672
-16489
36989
58270
-41065
25962
36594
-27650
13680
5733
-10301
-43770
-693
32987
36885
62580
24512
-33921
26467
5728
5829
26046
-15389
12437
16756
-11909
29153
18045
16756
7285
44564
-43770
-14375
-11909
13807
-21249
616
2910
-43770
-19691
6379
4391
29153
8891
4855
-43770
-4777
-6637
45085
16573
19986
6712
54049
45085
31950
74743
97418
20170
32743
45085
27689
17653
97989
-21809
5361
17653
45085
64585
27689
32743
-21809
8629
30431
45085
36885
16573
50424
75267
42475
45085
7637
44718
53045
21921
43233
-6175
13078
19225
21921
36422
24475
-492
8648
-12
7932
40572
21921
-10002
-28499
-18495
-20938
-38089
-41492
6035
-45460
-25512
-53913
-12037
-44799
-8867
3940
-16328
15688
25222
61914
-11750
-3404
-59445
-14907
-19352
-8133
-96035
12699
-7588
-43903
3940
-46518
-35962
-9181
-10686
5794
17343
-28568
-13752
-31956
-4000
-8949
-711
10248
-23709
-41675
-21682
-48549
-4694
-21883
2279
-3030
-18989
-32294
3940
-38915
9067
38788
-21004
-1819
-44703
-7903
-24030
-56408
-62304
-24776
-42911
-36091
3324
-6019
-21682
-22342
-28499
-56408
-44585
-7227
-48549
-23689
-28499
-2632
-4694
15688
-28499
-8279
-21883
-28499
4143
2279
-28499
14970
-149
-3030
-3319
-28499
4155
-18989
8854
-28499
639
-32294
-8207
-28499
6912
3940
954
-19352
-2795
-28499
-6506
-38915
-10220
-25715
-28499
-68921
-44787
6163
9067
-10925
-28499
-18852
4922
38788
53808
-29324
61914
-30170
-4585
47741
-28499
190
-634
-21004
-14455
-7944
10811
-28499
203
-1819
-45460
-45675
-14357
-28499
-4092
-44703
-5934
3760
-32839
-32839
-28499
-7903
-24030
-24755
47201
18703
28184
-32839
-4629
-6991
5534
-20892
3125
-7903
-28499
-44703
-6991
-11392
-24030
-59705
1432
-28499
-44703
18703
-6095
-56408
-36175
-68689
-28499
-21682
-22320
-62304
-28499
-5394
-24776
-14402
-28499
7203
-23119
-42911
-28499
-11081
-36091
-11723
-28499
33650
7716
3324
-45460
954
-19352
-28499
42076
-2806
-35400
24849
-37653
-15004
21495
-857
-10540
-33704
24849
-11723
-5281
-12507
24849
6976
-3201
-23848
24849
-27553
-18082
-15001
24849
21555
-13304
17388
24849
-26927
-15738
5051
21495
24849
-30997
22566
-35400
-15738
10610
52785
24849
42475
16149
48517
23916
6262
48081
84539
5023
97418
16149
10796
10281
36698
7756
36698
22566
48081
1806
10324
53045
-4069
-4129
-28567
53045
-8783
-51514
-12862
-131784
-4956
-17347
-4069
-12523
28854
18583
48320
36422
-8470
6352
-11353
-5902
31950
36422
42929
73452
26849
97989
9012
42076
-782
-49120
123563
52415
17863
55128
21219
-2795
3324
34585
-19179
19746
4132
34585
5708
42076
1736
-5682
-4924
-19179
-9637
-8187
42076
-57516
16228
19746
42076
-1814
-2247
48360
82538
78571
-15895
-47126
-37653
14173
21134
-687
-792
14173
-21060
-16682
-41070
40109
-12789
-37031
-23948
-87174
-24858
40109
-14243
-6175
7309
22629
5082
25192
-7244
29855
25807
-1837
12052
-15719
28627
-21418
-24858
-19083
2894
6802
-4
40109
57234
-6253
15763
-10250
-27730
-8077
-4000
657
-41872
-5334
-26032
-22345
44718
-3738
-36337
-35096
-37442
-8680
86249
-30105
20446
-3734
11412
-3738
-11723
32023
-6175
-17436
-36337
-49308
-6175
1353
-35096
-36175
-6175
-10174
-37442
-20954
-6175
7004
-8680
657
-6175
20446
46136
86249
55469
-6175
26685
-14247
-3653
-30105
-50596
3760
-87174
-6175
5854
20446
-6175
-8680
-2504
-7656
3760
-12398
-10800
-24755
3760
-44703
-5586
1736
53808
28943
37311
92598
48781
-12037
13410
26682
18296
30035
-55537
61914
50686
-15098
-13933
-5987
22381
27567
57234
20466
31232
1861
21740
29925
475
-35122
-3127
-16244
34585
16353
30712
-15761
293
16353
13410
26682
21897
1736
-15761
4297
30712
-26406
1736
-7264
-15761
26682
1736
16353
8398
34325
13695
38752
1023
10058
14745
12450
-1875
4367
-7982
-11765
-13488
7900
36096
49789
19921
-7982
-11765
-3928
-13479
4915
-12862
918
12097
68641
4403
-8610
-7982
-20800
596
74
-12862
-9412
-4350
20657
-7982
10600
-12862
7656
4318
31177
13867
31675
13015
-12862
-4039
5629
38475
13177
4520
18150
-8610
-12862
-8846
-29949
-9640
-71346
-35443
7977
-13063
-2642
-23643
20573
-8794
-49223
-22421
22046
34921
82062
19106
40678
82062
37405
25706
29895
82062
-22025
-68921
-25715
-17462
-2581
-6784
-38915
-8257
-44787
-25715
-38915
12867
-15672
-34281
-29262
-27785
-11921
-29262
-16430
-26961
-15672
-14247
5140
-27785
-16430
-26961
-15672
2573
14721
18142
36512
-24790
-7137
17115
3362
-24790
13523
-7629
13523
3362
-24790
17115
-15882
-15738
-3912
18174
-49223
-6238
14811
22109
17388
21495
-17468
-34523
43746
74
12706
-17681
-43887
3603
-7982
74
-1684
22225
68641
74
10390
17
4306
-49246
7309
-12389
-32103
-32103
-27952
4272
-70922
-62059
-9557
-32103
-36175
-10661
-49246
-27952
-70922
-5379
-27952
7309
-14017
-32103
-13752
-49246
-32103
-8663
3907
13410
26682
-58759
1861
-13808
-4029
28943
13410
-7665
9524
30579
9053
26682
5708
2965
10949
26989
2673
8546
53497
41086
-2438
36063
21897
-20001
-3849
-10548
45163
37311
6329
28833
6497
93267
-16437
-1413
-12466
19425
-2989
-17544
-13418
7633
-9754
16103
26682
-24257
-6679
744
23738
26682
-24257
32626
41809
18204
15971
65022
26682
31268
95667
-16473
11193
35894
26682
22109
-1061
37349
26682
15798
4465
18204
26682
-24257
23738
6932
-5412
26682
-24257
-941
22109
19161
4272
-10661
26682
-49246
-3782
10461
53808
-1509
-7362
53808
56108
-1985
-3136
-16473
59811
53808
12203
44758
65022
25754
30164
75866
53808
26411
32256
8928
10127
1996
-5682
-27599
-58
43436
21740
-16244
34585
6024
31378
49412
6674
19961
17739
-10380
17739
31378
-3983
2255
36885
-12265
16573
-23099
-9606
-14885
12448
11828
47900
-21010
-9716
-21010
3362
-14885
846
23321
-26927
-16509
-4247
846
23321
-26927
-16509
-4247
14378
26847
1457
6232
-6608
36885
-5963
-998
25754
59811
-16473
2119
-9443
59811
51442
95667
47741
2882
9395
4363
16472
-9044
-19691
31365
-16585
13562
616
-11909
6379
-1268
6379
-16585
616
-11909
-19691
-567
3589
3275
4944
21134
-37653
2054
3275
-11308
-47126
-21060
16711
32125
41929
3275
-4368
19425
14556
-11763
-4016
-37259
-651
-20892
-44585
-25098
36562
5089
-3958
-651
11052
-25098
3010
40651
5023
5801
-8205
11052
-651
-35833
-32555
21787
-32539
-5334
-3958
-30101
-9923
-30101
-19322
-5334
11052
13152
-7839
55469
-10661
2385
26685
55469
-14242
20932
86249
16295
30185
47201
55469
-44703
-14247
-303
-14247
-5934
-49436
1432
10940
20932
43054
86249
-29262
47201
18703
20947
18703
-5934
35069
-44703
-24030
-14247
5534
15650
10080
8596
6802
10796
-12073
1179
5151
-3862
238
1179
-4171
8596
6802
10080
5151
26651
5151
-16114
-4171
8596
-15903
6802
10796
10080
1179
5628
-3862
-2076
8596
10080
-3734
-7525
-9569
8596
-24366
-5316
-24366
-4171
8596
6802
-9569
9143
-3734
-19910
-15719
28627
-30114
8284
428
657
-21403
-41872
-6175
-3862
-4846
11123
30183
1283
-9412
12706
-1408
5520
-18291
1283
5829
12437
10877
-9412
16401
610
1283
-2085
12097
30183
12706
-15185
-9741
42225
-27650
15260
46496
-407
9038
-44534
3164
826
44564
-23836
30141
-69367
5830
-234
11290
48517
-69367
4079
23072
-16728
-45772
-34195
-8918
-68187
-93452
-43501
-27048
-35524
1319
-27048
-29280
-61409
-41250
-18053
-68187
-5677
-35524
-93452
-43501
-68187
-30513
83
-30513
-35524
-2754
-11134
15953
8546
67070
29925
35277
91582
26411
91582
32256
8928
11723
10127
12327
32256
45163
-8470
75866
91582
-3060
-20813
-18527
-35603
-22888
-11989
-17835
-18990
-9133
9226
-18990
-18527
-4196
-23184
-52638
-20813
-47745
-5607
-9133
-35603
-11989
-17835
-20813
15417
44564
-18527
-3134
-35443
-71346
-29949
-1394
-20383
6809
13807
-15449
-7467
-21962
13807
-4247
19067
25021
22566
13807
-15276
1935
941
13807
17146
25206
17683
-2467
-15276
49789
33783
7066
79624
66597
17817
2568
-4612
-50512
17050
49615
13807
1181
25021
-2444
28351
12557
11460
26849
30286
36422
13807
-5902
4318
-14330
-1450
16681
-1329
11464
8416
16762
-1329
-14330
-8521
11464
-7553
-14330
8416
23405
8416
-11212
-29384
1074
37247
16681
-14330
11464
-10040
7337
-10040
6767
8416
-20581
-31283
-73518
-47488
-33763
-78959
-29943
-4656
-29943
-62925
-37047
-31603
-43709
-31283
-12378
-9349
1117
6352
-44534
-8473
-22962
-37653
25073
-23303
-8585
-8201
-37653
-24257
15651
22343
-12466
-7286
7633
58640
61698
-25138
-17544
-25138
-45656
28833
12749
2874
12749
75874
20884
-3207
13718
7633
17886
22160
55128
26141
2825
26141
22160
-12737
-6241
4915
-8610
3820
-12862
12706
10928
20388
41779
34332
13237
34332
20388
-10728
-14568
-43820
-4440
-9605
-33167
-38483
-2385
-38483
-43820
-15008
-4440
-64562
-19945
-9605
-23548
-14568
1294
7045
21685
-13196
-35840
-49334
32932
97989
84539
24849
21555
44564
-26927
32743
-5902
6860
28296
55860
12388
28183
21535
13422
-8610
12706
-20396
14891
10390
68641
38752
-8610
56183
22225
12867
14001
19243
15614
12706
4915
68641
-51514
21555
-8610
-28873
-20800
32615
-284
40977
-34523
30183
-9412
-6241
28183
7656
16491
11117
9655
-15823
-20396
68641
-8610
28183
42714
67555
55651
12203
29306
48233
-4612
38785
56669
20650
245
4950
24717
3603
-2801
43591
30554
-5387
-11487
6
24717
1745
43591
254
1391
-12523
2474
31239
-27031
-12523
-3435
43746
10592
-11765
13503
28854
-12523
-17347
-9607
-4974
-28630
12970
506
7603
-14160
-15204
5849
-4694
4114
-13174
7080
-13174
-4597
30286
17863
4114
16207
6481
16207
24383
8461
5728
-13174
4993
12867
28258
10390
5368
14001
68641
13015
29735
-19656
56183
10390
1061
7656
31078
-6985
-7982
20657
12706
8676
30554
68641
4403
19921
29620
31498
3603
6900
4950
30067
-16097
2323
30067
68641
6900
30554
-4360
-16097
68641
17115
30554
2769
19243
13015
29735
31078
10390
-3767
29174
31498
-2801
2930
67599
-27513
-4297
-7485
-14106
-54633
-54083
-221
-43402
-50596
-87174
-54633
-5027
-49266
-50596
-14106
-54633
-9733
-24153
12785
-21530
-4614
-133
20580
19425
6807
-6722
-1450
184
1074
8663
42995
52213
68012
-1715
1173
25479
-14554
8265
-35924
-9874
-14441
34477
-2122
-4388
-14081
-67189
-45044
-14441
-3635
-23529
-67189
-16633
-2122
-13749
-22569
-67189
-31158
-55140
-2122
19129
-2122
-45044
-31158
-9874
-55140
-35924
-23529
-22569
7961
6352
3192
-407
-42452
48320
-9349
1414
618
-11865
53497
6484
22476
10828
42424
40977
-15530
-18651
-28161
-455
-31605
11715
-43897
-18267
11715
-52236
-28161
-31605
-54528
-18651
-29941
-4174
-24355
30241
35514
-5963
9759
-11289
-24469
30241
29023
35514
-5963
5482
-5963
30241
29023
35514
-20358
-24355
-24469
9759
26368
12099
9759
30241
35514
-20358
-24355
-5963
6000
26368
29023
35514
-5963
-1004
3866
23729
-2594
55536
-34483
85332
-22382
3834
-22382
30065
13562
-8214
3866
-58056
7107
-3463
-5621
23729
-20758
30065
5486
-8087
-32100
-10184
-9637
-47229
9620
16491
12706
-43711
10566
11117
28068
-21714
12706
8186
9655
-4688
12706
4831
-4024
-6860
-284
13155
2736
59589
72971
75142
16151
12793
6035
-13874
-6402
-36474
12847
-36474
-22144
12793
28780
11141
28780
3316
6035
8398
10940
1409
36989
58270
-6402
-36474
16635
1781
12583
16635
28780
6925
1781
8398
28990
17238
36777
-6175
28780
-420
8326
-4614
-12082
-12756
-6775
-11878
-24153
-40747
-3925
-40747
-4614
-10796
-11838
-26312
-37413
-6775
-58004
-33509
11011
-16501
-58004
-133798
-26312
-9077
-33509
-26312
11011
6819
11011
-59269
-26312
-33509
-39712
-10640
-39712
-133798
-40402
-25213
-2581
11011
-44585
-59633
22502
11038
38126
-14255
30552
-2
10296
12928
-435
44267
23761
-18757
12437
-12969
-4353
-4846
603
-4846
51720
-18757
-3734
11038
-333
12639
-348
-24813
-29560
38126
44267
-29560
11660
37588
106706
53860
11632
-4748
11632
106706
53860
37588
3674
4720
-28568
18852
34314
25362
-4195
-23326
11739
20699
46906
62994
22576
763
11233
-634
-11726
-28646
-1096
2790
-9914
-31951
33260
28184
34124
-3473
-4618
-11054
-31424
-31951
3648
-1996
20573
9502
8746
-10185
-11101
-50512
7109
42196
474
-11101
-2729
32620
101652
30005
24879
38898
18186
44699
32023
1786
34067
43746
6799
-2053
-13488
2189
6799
43746
34067
15134
5364
2025
-7434
-11723
-597
-58201
4831
40111
63223
-18068
87283
26451
-625
-18409
64982
44595
28681
44595
-18068
1390
-15443
83071
63223
-4510
43112
56610
19903
-430
5801
19903
6243
10279
19903
2482
25082
-21249
19903
13192
3444
-4411
-22424
19903
40559
-4957
-12696
-12265
9844
-50170
7269
17
13015
18245
22225
-6212
-3531
-5450
-20442
2436
-19118
-63292
59732
-33781
7525
28486
17406
26417
25073
3951
-4612
3210
-8277
-4612
27689
-21809
-21337
-44534
64585
-4612
-27650
30141
46496
-9349
-4640
-25812
-42868
-4612
-23548
17480
50750
105325
93775
46160
93775
25601
7179
50750
46082
16676
46082
36198
105325
93775
22454
77365
63087
13037
1868
-14337
1868
48936
63087
77365
3035
-1136
-19956
-11025
-49778
16276
691
4432
-19956
-15595
-18528
16276
-16695
-400
4831
-14641
-26743
-10598
-11723
-27254
10592
9655
5364
-43711
6044
-43711
16491
4831
5172
-2444
42225
1181
-15276
-2267
28351
-6012
-15276
3642
12557
5082
43233
52415
30141
-15276
-5525
-47229
7728
-48570
-8087
442
-6142
44340
-16759
16849
-2385
-16759
-6142
15663
16849
-14605
-6142
5089
21412
26746
8367
33650
-11723
-36091
6072
-27087
-11723
43591
13431
-11900
-20938
-11723
-43959
11633
2833
-3474
20579
-11723
-4247
1699
-7143
2025
18339
-58201
2439
11680
-34446
736
-34446
18339
-58201
2439
-7143
14716
4944
-29130
-32100
-22559
-34844
-17535
-95997
-25691
-32100
-21825
8165
-16128
-8168
-16247
18946
-15126
-3736
9790
38837
-34483
-17141
-6614
-37249
-42247
-5365
24224
38475
31177
13177
3743
16594
-47488
5728
-7804
13175
19637
20324
-4471
24406
41063
20324
-6815
-23460
-47921
-1837
-36248
-23303
-8350
-55179
-33704
-30247
-18377
-15723
21540
5807
21149
6663
28946
-30170
5807
10592
-2357
5035
5807
10592
-5093
-2053
10592
34067
-965
-20084
-20001
21173
23362
61017
9948
10059
48695
7986
-690
-25643
1861
5675
14970
40373
-321
2279
-9480
190
19487
22362
4374
38788
10937
1867
-13933
41809
31101
20944
6025
20944
1867
10707
8928
91582
12475
75866
91582
67599
11723
15149
67599
18142
29174
8928
6881
11723
91582
8928
2706
12775
-8995
-23238
61871
-9254
-20648
-7982
19886
10600
-13784
-31772
-16326
154
21278
28184
6035
10940
-26858
9502
-23238
16472
-44703
-9914
2057
19902
2057
-4867
24621
-6685
28184
-5579
13727
34124
-9914
-5289
-15925
5794
900
-6020
2024
-5376
-12756
5794
-28528
-14586
-28528
5794
2024
3049
10459
6375
4095
39767
-4540
17832
-25991
-73518
-32906
-21369
-32906
25073
-78959
-25991
18897
-125
285
43591
11077
2706
45250
43591
9151
6322
34832
4403
19921
43591
-4155
-32839
24070
43591
-44703
5136
9151
-3319
4385
45250
21219
43591
2706
-9653
446
-79
24475
-31424
8648
1126
-10444
-25437
-18059
8854
-22293
-2877
-12155
-2373
-2381
-18059
-2877
-12155
-8007
-35489
-18059
-22293
-12155
13345
3733
-18059
16374
28020
474
-14554
-17760
6199
-14554
10376
-25704
1173
28020
-17760
2664
-17760
71181
474
21787
28020
-14554
-2377
-9653
23252
-3319
4385
45250
9151
-8231
-8800
-40489
-37343
-25096
-38744
-96
-1409
-3880
-20994
-14681
1377
-18689
5886
-57516
-53552
-10184
-19179
-20947
-7774
-36280
-10184
5502
-22189
-14242
23220
38359
85132
46135
-10074
-13488
-888
4367
34067
-8838
-20664
-16328
-62626
-23308
-42106
916
-31956
-25326
-11598
-17782
-21757
-23902
-25326
3953
-35840
-59128
-13555
-28928
-3035
-20350
-56988
-5179
-77321
-9875
7045
-2886
25387
-6426
-49334
4835
-2886
-35840
-6426
7041
25387
-35840
-6426
2319
-6426
-35840
-2886
25387
-5453
-49334
-5179
7045
-35840
-4357
-18689
-37343
-25096
-8800
-4350
-26064
-45675
23483
42478
-18068
-1503
-4510
-18068
29737
6297
44595
-4957
-20053
10130
17345
10131
10600
-50512
24621
-6685
18479
19992
5139
2398
-4629
11066
-44703
16814
-6991
-37413
-44703
-7903
22256
5534
-5934
-44703
18703
-13857
-20892
-48420
4154
-44703
-8613
-25178
11009
53860
15601
7538
15601
7413
34386
11534
11009
8018
-15940
43054
1434
5262
-25178
-840
-23780
30141
13491
-4247
-29324
23321
23321
23321
23321
-21962
2833
4634
4513
7413
42929
2346
-2409
-9479
30984
7413
-569
-4867
30740
24291
-15625
-16624
-407
-11667
-5187
21070
-24790
2870
-5462
-22167
113
5960
-9192
6034
5660
-4339
113
-56659
5960
-34083
-56659
5660
113
6034
5960
-4587
-29593
-18740
113
5960
-15454
-29064
51720
-3248
-8084
-58056
24849
-27553
62580
2446
3338
-4658
-16585
3670
13562
-34483
30394
616
-22382
7107
-19313
-1693
-2186
7107
3338
13562
-8214
-22382
-58056
-2475
-19313
62580
30394
-58056
-11487
-1693
-58056
-22786
-43452
-48420
-30969
2294
-420
-6547
28990
36777
1781
7794
-108
-1544
-6547
28990
5945
-44472
11806
28990
7794
63930
-787
-17188
-17264
-31272
-2679
-31272
-58759
-17188
-6969
8579
-16509
-6613
-21809
18778
30787
64585
27689
32743
17653
-8277
-9880
-12398
-18142
-7656
25709
72147
82818
8062
4684
4499
12787
610
34027
-2349
-9854
-51661
-30705
-1693
-5536
-2638
6218
-2638
-5536
-3184
-18852
-8430
20579
9067
537
9991
154
22215
-7785
157
22215
-21530
9991
-16645
-7785
-14122
9991
-48150
21384
46957
17050
-35286
-4803
-35286
46957
-28661
-131784
-110932
-8783
-51514
-49120
14107
-28567
-6205
8630
-8783
49789
-29929
8345
12150
26426
-18523
6066
30856
-31555
-1116
30249
-3435
-5365
-3893
-15449
25073
13775
-8843
-20383
-4378
-10301
10203
24352
2061
-23099
17929
16573
-4468
2255
-23498
696
-23498
-23099
11094
69366
61078
37008
38367
14685
38367
69366
36908
81790
-8471
-3486
-19463
-53913
-19665
281
-3049
20212
-182
20212
-3049
-658
-1287
7549
16643
7794
11806
28990
-11946
-420
-44472
37928
63930
11806
-44472
-5748
-21060
7179
-10561
-792
21134
-6878
-21354
-115
-2030
-10573
-6500
-10573
-2030
-21354
-14516
-15304
-45384
-47449
-7397
-16973
-3763
-2927
5775
-45384
-47449
-7397
-10589
-19045
-47449
-41112
3635
-9928
5775
-45384
-47449
-7397
-84556
-6389
46035
-68506
-34844
-8449
-9822
-22721
-28051
-33362
-38112
-34844
-7074
430
-2839
-28051
-33362
-34844
-7074
11054
16560
-22926
13698
-11811
-52185
-644
-11914
-21855
-17991
-3152
-21855
-22926
-5748
16560
-3410
-17991
-22926
-44790
-4339
-22559
16560
11459
44238
27910
-7639
-11763
1125
-9163
41929
-4958
-4042
-4368
-30553
28330
13192
20651
14556
32125
3085
5960
38855
6497
-1413
-6496
2930
-10962
-22167
6034
-56659
-29593
-8886
-3790
-8886
5960
-14657
-4430
-4030
-16425
24352
14743
-11045
-29995
-5265
40413
1148
1411
-29995
-5265
40413
-3369
-4059
-1857
-23722
-13632
7318
37601
38648
-23684
43310
43695
15574
43310
38648
37601
-6364
-18895
-16381
-16894
-5716
-17067
-16381
-41112
4972
8418
-756
-4524
-23811
2257
-9538
-34104
53411
8792
-11025
17238
22823
16276
-19956
-4047
-11025
-49778
-10039
-15595
-18528
-6175
-14605
-1136
4432
-16322
-3736
-16322
-4047
-15595
16276
-10145
-33781
-4314
-27356
-32885
-19695
-19118
17638
23916
52785
22500
5114
22500
23916
17426
13953
-33603
-5816
-3149
-9527
-28295
-5816
926
-21349
-50596
-30969
-7568
-5823
-15142
4403
11833
-7551
-888
35376
374
1726
-12771
14747
12978
2967
-12771
15412
-3170
18897
-18377
-32906
-21741
-16505
-43434
-4987
-35021
-455
-34214
-47441
-48481
4792
7203
-24776
29142
72362
36670
15816
19007
-32031
-7314
12005
32079
16945
-20442
18475
56615
63087
50586
14456
-3878
-115
-35102
1099
-1824
5522
-39398
-13598
-39398
-1528
5522
-1824
2635
12450
32987
-21249
14811
25401
-15370
10058
-15196
-47745
-4196
-31664
-18990
6269
30669
-10622
-1276
43494
-10622
1623
-8245
10796
5782
-2729
474
42196
1720
13139
61341
-28897
79382
-21252
-39002
-18619
-46301
-12994
-455
-15490
-3010
-30969
-15838
-51617
-43452
-21349
-13397
-35038
-1837
-9982
-5680
-9982
-49308
-7695
-28256
-35038
-3044
-16695
4432
5261
24342
7672
52216
11997
2802
28814
30984
7413
1434
-4665
18677
23584
52023
-4570
-7909
4363
-31427
-24349
-9104
-27425
4363
-14103
-21588
-11648
-24349
1084
6902
-28873
4395
-7074
-52551
-62626
-39759
13698
-9822
-2839
13619
10127
91582
75866
91582
33113
94520
66383
16291
30174
48936
-17533
-29941
-25279
-16409
11715
5975
-11024
-36442
-2457
-39778
-18535
-44585
-32816
-21682
-37259
-39712
-25098
14997
23803
-28897
-8428
-27513
29174
-3843
-11748
-45089
-13738
-63505
-31664
-13768
-17463
-31601
-5911
-11109
-5911
12028
-21446
-31601
-17463
-7397
-4513
-2170
9529
92092
-14866
-4656
-14866
14007
-2170
2827
-333
493
40672
10296
-435
-18757
-4846
-17631
-6509
-25098
-32816
-37259
-3958
-44585
4859
8334
-6685
-24714
1434
-13960
-54083
-7485
-17546
-17738
5775
-45384
-22464
-7043
-28045
5775
-45384
12008
-5579
24621
-6685
2057
-16705
-43897
-25448
-18651
10902
-28263
-5654
-20591
50854
38074
78176
9502
15119
13037
26053
-4384
-10647
16930
-8098
-7397
-15265
-21446
-15304
-2927
-9928
-5911
-3227
-20253
-19083
-848
539
15688
-8259
-18657
-16633
-491
-9660
-25183
-20595
-12025
-48487
-31110
-10564
-31110
-38927
-9660
27317
20447
-2948
25602
54053
49351
48047
-698
-17631
40672
-11307
25443
-18757
-333
-135
-10796
-6853
-40747
-21231
-30769
-3302
-21231
-10796
-5146
-43959
-14609
-11900
1860
7254
-5376
-22287
-59633
-45777
-41623
-39712
6799
42446
21399
7847
-11226
20759
4704
23947
-34268
-34639
31136
-32775
8736
-17299
4035
-4047
-3338
6655
-1270
31170
49079
-1270
8511
-8903
-4000
-3172
-5798
-45777
10330
14716
-34446
3835
17202
-5187
-42325
-6090
72770
37584
3974
-5068
-96
-16894
-56
900
-8133
-43072
-634
-15925
-5627
-14621
-28138
5897
-6912
20612
-2874
17582
20612
-18393
-35067
5897
-6912
20612
25063
8165
-95997
-9274
-23402
-30023
4665
-327
-165
-327
-23402
-3835
11830
-13908
-21010
734
-21540
4584
24611
11643
4111
-21833
4584
-23358
5675
-5992
-2727
-18508
-7869
-33901
46563
-10040
-33901
-7869
-18508
13150
46563
-7869
-18508
-4593
-28624
-7588
9370
-12438
15030
-6433
-18264
-13047
-21049
-10504
-42796
-10627
-6517
26833
-14349
-26850
-10627
-5998
-6517
-21049
10202
26833
-40873
-21049
573
1963
-38927
5163
-27158
-8794
670
13177
-4039
31177
38475
-2986
-18785
-15903
-6919
5498
-20947
-53552
-57516
-4016
-1227
-40402
-25213
-55715
-11758
-36864
-18805
-40402
-21973
-3437
-10221
-20397
-67098
-8491
1274
-26834
-68579
-35962
-8502
1905
-33864
13905
-21031
-47771
61698
-20172
-52707
-9781
-62302
3954
7103
-8574
21566
11416
-4867
17012
36562
-37259
-4230
-7520
-3319
-1479
-4821
-3319
45250
21219
13049
28235
34407
27488
15057
44335
31784
64982
-14273
-39099
17794
20217
14491
-10661
-2553
4280
19540
-49308
-17871
-12686
-62867
154
-16114
-25907
-12268
-48150
-14122
-107468
-16726
154
-14949
-7785
2138
26943
7549
10586
-5627
-43072
-634
900
-1910
10557
14838
-15420
-23170
-7880
-33530
-12357
-10809
-43758
-24822
-43758
-10809
7855
5968
-5265
-3369
-18032
-10340
-27160
-31603
-4757
-7635
-20831
2185
-7348
-11789
-2663
-487
27394
-17785
28269
-15343
-33530
21002
-23170
-1037
-1083
-30467
7964
11070
-8187
-25046
-41426
-63261
-7024
-7198
-17900
-43903
-21536
-84556
-58
-9286
-35351
-41112
-9928
4845
-10305
1432
-15385
-2752
-1172
-23707
-37665
547
12513
27859
-2599
8089
-20573
-688
-20573
8089
-94
601
43177
45655
79722
44348
2887
-9073
-25682
3518
8600
-5835
-7618
-39044
-60853
-36009
660
-8677
-2307
7416
-2307
-8677
-11586
-11217
-53542
7335
27015
34531
-4377
-42945
-23009
5834
8038
-11878
4625
8384
9181
22983
-7221
-30769
-10796
3546
-65353
-40293
-6805
-52561
-51760
-55478
-8751
-51760
-52561
-9283
-55478
-52561
-58917
8842
16295
26685
796
6860
15382
-5708
-14427
-5434
12499
20754
16472
-1296
-6697
-18740
-21446
-8877
-9113
-22721
-33107
-54333
-34678
-10463
-51341
-18619
-5256
2434
5135
1171
3618
-960
55305
1409
36777
21303
32707
-21833
16126
18399
15412
3929
3570
15148
14747
15412
20194
1726
13865
43695
24975
37601
1512
4876
-33599
-25773
-48481
-46678
-43434
-16505
-11613
-16973
-37986
-15265
-15304
-11293
4457
-4041
-5365
-9659
-16817
-52551
-5748
-947
4384
-947
-16817
745
-22464
4279
-17738
272
5375
-83071
-7810
-40144
-83071
-9301
-39266
-14990
7842
-1745
7617
22634
29067
10199
4615
3359
4087
10199
3554
4615
-10731
-21652
-54010
-53574
-1008
-9867
-18540
7152
8765
-11955
17689
-11955
8765
-14501
-70922
-20938
-14017
-32103
-49246
-32103
-62059
14065
-62059
7309
-20938
-14017
-49246
-70922
-4719
-569
-6698
-9637
10170
30552
3033
7744
-250
12639
-14255
48496
12928
17675
-435
-3839
-18757
28915
-20271
-4846
14756
15283
-6947
5531
11208
14756
12639
21
15283
25443
-18757
12639
-7368
-6947
17675
12639
5531
774
5531
17675
12639
-6947
-4248
-26700
-27358
1897
-15104
-64190
13932
-18757
3523
-8045
25443
-435
-18757
18126
7744
18302
-18757
21730
10170
20889
-1008
-2553
-3562
14491
-6971
3103
31137
26245
3647
-1191
-22808
12750
20889
18302
7744
-7649
-22808
3103
-3946
-13987
30347
-25
-6621
-14657
-24491
-20748
-1109
-8886
-7024
-28855
-15753
-12855
-7196
-9572
-15753
1209
122
1209
-15753
-12855
-9572
-3740
-16894
-18895
-5068
6266
6188
-330
-35150
-76801
-41492
-6256
13572
12671
15811
-12747
-58917
-55478
-5170
-1336
33446
41670
18943
41670
33446
-1336
2020
-15385
-10305
-2628
-19877
-19909
11085
-8294
-27395
-40106
18812
4625
8038
26
-13138
-42796
1592
-36009
-60853
-39044
-3179
-34420
-18805
-3437
-9284
-39665
-25197
-3441
-9453
-49293
4784
1362
14469
-7714
-27515
-41016
-8207
11227
-7116
8130
-7116
-41016
-45772
11227
-27515
